46
49
46
60
980200 702300
1911884 1303806
61
49
32
207393 794010
119
P0 2277296 4109256
P1 72325 942175
P2 3583182 3390299
P3 16894713 15747785
P0 2277296 4109256
P1 72325 942175
P2 3583182 3390299
P3 16894713 15747785
P0 2277296 4109256
P1 72325 942175
P2 3583182 3390299
P3 16762003 15105965
P0 2277296 4109256
P1 72325 942175
P2 3583182 3390299
P3 16762003 15105965
574583 712416
153
142
110663 232469
48
68
668678 32399
54
418508 1785980
62
153
P0 2277296 4109256
P1 72325 942175
P2 3263975 3387517
P3 19049133 16777986
2
P0 2277296 4109256
P1 72325 942175
P2 3263975 3387517
P3 19049133 16777986
1447703 1397184
160
0
33
143
0
1004888 733341
49
P0 3072279 5058596
P1 72325 942175
P2 3243433 3193203
P3 19277913 17500804
P0 3072279 5058596
P1 72325 942175
P2 3243433 3193203
P3 19419721 17517454
49
0
P0 3072279 5058596
P1 72325 942175
P2 3243433 3193203
P3 19490031 17922510
62
P0 3072279 5058596
P1 72325 942175
P2 3243433 3193203
P3 19490031 17922510
P0 3072279 5058596
P1 72325 942175
P2 3243433 3193203
P3 19490031 17922510
62
49
0
P0 3072279 5058596
P1 33471 670856
P2 3243433 3193203
P3 20443238 18587955
0 0
P0 3072279 5058596
P1 33471 670856
P2 3243433 3193203
P3 19730482 18353100
P0 3072279 5058596
P1 33471 670856
P2 3243433 3193203
P3 19730482 18353100
0
0 0
48
P0 2870813 5054065
P1 33471 670856
P2 2599759 3154068
P3 19339649 17906656
P0 2870813 5054065
P1 33471 670856
P2 2599759 3154068
P3 19339649 17906656
160
872441 926062
114
0
63
13
P0 2870813 5054065
P1 33471 670856
P2 2599759 3154068
P3 19339649 17906656
27
138765 423956
25
13
0 0
160
P0 2870813 5054065
P1 33471 670856
P2 2599759 3154068
P3 19339649 17906656
P0 2870813 5054065
P1 33471 670856
P2 2599759 3154068
P3 19339649 17906656
0
0
320037 822133
48
539776 945279
60
0
60
819891 39860
27
0 0
P0 2705630 4465887
P1 33471 670856
P2 2599759 3154068
P3 17983199 17406572
0 0
54
P0 2722735 5342413
P1 33471 670856
P2 2599759 3154068
P3 18877212 17797240
785274 954517
5927 789479
0
118
P0 2722735 5342413
P1 33471 670856
P2 3439234 4009116
P3 18877212 17797240
0 0
55
33
0
0
24
120
P0 2722735 5342413
P1 33471 670856
P2 3439234 4009116
P3 19749317 17984266
0 0
P0 2722735 5342413
P1 33471 670856
P2 3439234 4009116
P3 19749317 17984266
60
2872698 1829450
