P0 33700605 33894856
0
0
P0 33700605 33894856
42
0
P0 33383189 33116925
39
P0 33637024 33715234
44
0
P0 32837976 33572655
0 0
P0 32837976 33572655
52
52
867323 748732
52
52
52
52
0
11
720813 181692
9
84
P0 33691597 34467656
0
52
126617 87523
52
123665 351210
44
803830 451676
0
989922 904159
52
P0 33536449 34182089
36
P0 32815472 33154266
P0 32725549 32536213
0
123
P0 32930646 31798562
10
0
P0 32930646 31798562
45
P0 32919616 31386927
10
P0 32919616 31386927
102
863806 713432
0
0 0
39
572501 355710
0
201075 857661
28275 1819
0
45
0
0
45
13
54
P0 33384125 32533453
720813 181692
982247 374410
P0 32828530 31087714
720813 181692
0
45
658108 177431
57
0
102
P0 33590288 32381988
38
0
0
59
P0 33590288 32381988
117
46
0
0
0 0
3
113
0
45
P0 36757596 36691716
0 0
120
P0 36752527 36690717
0 0
P0 37375810 36847234
0
P0 37364944 36730101
0
546591 904950
126617 87523
16
52
P0 37103798 36042684
P0 35834588 35944402
4
54
42
0
0
54
102
53
0
0
P0 35834588 35944402
3
52
86
P0 35545395 35544963
P0 35545395 35544963
P0 35545395 35544963
52
81
56
48
P0 35545395 35544963
56
544787 78257
54
0 0
0
54
3
0
0
546591 904950
P0 36792219 34749356
110
1970238 2467813
102
P0 36792219 34749356
9
0
P0 36792219 34749356
23323 105794
0
0
0
0
P0 35613093 33371990
0
61
P0 35510794 33365093
P0 35510794 33365093
P0 35950848 34067254
P0 35950848 34067254
1462346 1122289
25
P0 35950848 34067254
50
116
0
92
P0 37075708 35284264
544690 290013
101
1462346 1122289
0
0 0
61
0
P0 36894050 34880152
0
50
0
0
P0 35782597 33668308
32528 111985
87
P0 36186450 34313056
230579 534315
0
61
83
23
87
P0 36900671 34337168
720813 181692
60
26
78
P0 36761919 34257148
54
59
P0 36958372 35586715
7
62
0
0
