0
3
P0 477800 157118
P1 1200487 2015925
P2 1957705 2351162
P3 4437725 4356212
P4 841785 778719
P5 477625 406669
P6 976310 954585
P7 5081954 3065174
P8 12131132 13641116
1638421 674038
4437725 4356212
P0 477800 157118
P1 1200487 2015925
P2 1957705 2351162
P3 4437725 4356212
P4 841785 778719
P5 477625 406669
P6 976310 954585
P7 4766003 2730094
P8 12131132 13641116
P0 477800 157118
P1 1200487 2015925
P2 1957705 2351162
P3 4437725 4356212
P4 841785 778719
P5 477625 406669
P6 976310 954585
P7 4766003 2730094
P8 12131132 13641116
30
0
34
P0 477800 157118
P1 1200487 2015925
P2 1957705 2351162
P3 4437725 4356212
P4 841785 778719
P5 477625 406669
P6 635379 113016
P7 3668400 861743
P8 12365000 14548386
P0 477800 157118
P1 1200487 2015925
P2 1957705 2351162
P3 4437725 4356212
P4 841785 778719
P5 477625 406669
P6 635379 113016
P7 3668400 861743
P8 12365000 14548386
38
1957705 2351162
0
24
24
18
841785 778719
P0 477800 157118
P1 888016 684118
P2 1957705 2351162
P3 4437725 4356212
P4 841785 778719
P5 477625 406669
P6 635379 113016
P7 4029577 1590907
P8 10444783 13314298
42
42
41
0
1229548 2153765
4068616 2547132
1451443 1472890
23
150709 8427
P0 477800 157118
P1 888016 684118
P2 1957705 2351162
P3 4437725 4356212
P4 841785 778719
P5 477625 406669
P6 1263370 261982
P7 4068616 2547132
P8 10203255 14172113
10
1322493 1252000
1
43
0 0
23
23
P0 477800 157118
P1 888016 684118
P2 1957705 2351162
P3 4437725 4356212
P4 841785 778719
P5 477625 406669
P6 1263370 261982
P7 4068616 2547132
P8 10203255 14172113
43
0
0
41
55
P0 477800 157118
P1 888016 684118
P2 1957705 2351162
P3 4437725 4356212
P4 981360 1165748
P5 477625 406669
P6 1490004 354845
P7 5235588 3379566
P8 10203255 14172113
27
P0 477800 157118
P1 888016 684118
P2 1957705 2351162
P3 4437725 4356212
P4 981360 1165748
P5 477625 406669
P6 1490004 354845
P7 5235588 3379566
P8 10203255 14172113
477625 406669
P0 477800 157118
P1 888016 684118
P2 1957705 2351162
P3 4437725 4356212
P4 981360 1165748
P5 477625 406669
P6 1490004 354845
P7 5235588 3379566
P8 10203255 14172113
35
31
1036790 816243
P0 477800 157118
P1 888016 684118
P2 1957705 2351162
P3 2957641 2692689
P4 981360 1165748
P5 837001 1323448
P6 1490004 354845
P7 4919148 3237665
P8 10203255 14172113
31
31
0
31
35
0
0
P0 477800 157118
P1 888016 684118
P2 1957705 2351162
P3 2957641 2692689
P4 981360 1165748
P5 837001 1323448
P6 1490004 354845
P7 4089542 2975479
P8 10203255 14172113
0
P0 477800 157118
P1 888016 684118
P2 1957705 2351162
P3 2957641 2692689
P4 981360 1165748
P5 837001 1323448
P6 1490004 354845
P7 3703990 3281937
P8 11097436 14576886
0
32
34
477800 157118
P0 477800 157118
P1 557085 263486
P2 2250150 3255770
P3 3678401 4000282
P4 981360 1165748
P5 837001 1323448
P6 1490004 354845
P7 3703990 3281937
P8 10209645 13815403
2345624 1877663
7
0
0
528582 374940
0
0
39
27
1
39
1229548 2153765
P0 477800 157118
P1 557085 263486
P2 2250150 3255770
P3 3678401 4000282
P4 1487535 1618625
P5 1497246 1440047
P6 1490004 354845
P7 2297556 1914747
P8 9184248 12031339
31
P0 477800 157118
P1 1030323 966866
P2 2250150 3255770
P3 3678401 4000282
P4 1487535 1618625
P5 1497246 1440047
P6 1490004 354845
P7 2297556 1914747
P8 9184248 12031339
0
14
66
3
36
P0 477800 157118
P1 1890818 1348799
P2 2250150 3255770
P3 3678401 4000282
P4 1487535 1618625
P5 1497246 1440047
P6 1209238 272012
P7 3076310 2797315
P8 9184248 12031339
P0 477800 157118
P1 1890818 1348799
P2 2250150 3255770
P3 3678401 4000282
P4 1487535 1618625
P5 1497246 1440047
P6 1209238 272012
P7 3076310 2797315
P8 9184248 12031339
1487535 1618625
4845072 8287373
17
68
2250150 3255770
P0 477800 157118
P1 1890818 1348799
P2 2250150 3255770
P3 3678401 4000282
P4 1487535 1618625
P5 1497246 1440047
P6 1209238 272012
P7 3076310 2797315
P8 9296824 12737241
2458200 2583565
1229548 2153765
2
755261 525781
P0 477800 157118
P1 1890818 1348799
P2 2250150 3255770
P3 3613518 3042035
P4 1487535 1618625
P5 1497246 1440047
P6 1209238 272012
P7 3076310 2797315
P8 9296824 12737241
0
0
4957800 8858447
3
2250150 3255770
P0 477800 157118
P1 1890818 1348799
P2 348577 1534877
P3 3613518 3042035
P4 1487535 1618625
P5 1497246 1440047
P6 837482 264079
P7 3498378 3515075
P8 10279803 13595967
36
5
P0 477800 157118
P1 2739928 1426685
P2 348577 1534877
P3 3613518 3042035
P4 1487535 1618625
P5 1497246 1440047
P6 457972 98974
P7 3498378 3515075
P8 10279803 13595967
0 0
30
7
40
0 0
26
P0 477800 157118
P1 2739928 1426685
P2 348577 1534877
P3 2841197 2763278
P4 1487535 1618625
P5 1497246 1440047
P6 296422 85601
P7 2758339 2044961
P8 8896870 11127541
755261 525781
P0 477800 157118
P1 2739928 1426685
P2 348577 1534877
P3 2841197 2763278
P4 1487535 1618625
P5 1497246 1440047
P6 296422 85601
P7 3107365 2231060
P8 8896870 11127541
43
0
0
392344 916761
0
228314 208
0
0
3
0
51
0
P0 477800 157118
P1 2739928 1426685
P2 207495 7607
P3 2841197 2763278
P4 1487535 1618625
P5 1497246 1440047
P6 154041 75742
P7 3107365 2231060
P8 8537022 10205388
477800 157118
0
68
P0 477800 157118
P1 2880254 1952965
P2 207495 7607
P3 2841197 2763278
P4 1487535 1618625
P5 1497246 1440047
P6 154041 75742
P7 3107365 2231060
P8 8877150 10630995
62
48
1497246 1440047
59
146545 351802
P0 477800 157118
P1 2880254 1952965
P2 207495 7607
P3 2841197 2763278
P4 1487535 1618625
P5 1497246 1440047
P6 641661 746268
P7 3107365 2231060
P8 8877150 10630995
0
2448853 1846517
44
69
22
37
20
2
P0 639825 324893
P1 3330674 1962452
P2 207495 7607
P3 3372715 3189367
P4 1487535 1618625
P5 1497246 1440047
P6 641661 746268
P7 1864583 1041902
P8 8877150 10630995
61
13
P0 639825 324893
P1 3330674 1962452
P2 207495 7607
P3 3372715 3189367
P4 1574765 1797791
P5 1497246 1440047
P6 641661 746268
P7 1861785 1026651
P8 8877150 10630995
