0 0
38
P0 2831148 2763723
P1 1476248 2605822
P2 2513283 2559432
P3 229411 469387
P4 0 0
P5 840084 337117
P6 0 0
P7 0 0
P8 1354456 549731
P9 3339175 2908450
P10 1344051 1594060
P11 552886 984034
P12 1361068 1093559
P13 731792 1564758
P14 2049072 3888136
P15 14718555 12670126
0
0
7
P0 2831148 2763723
P1 1476248 2605822
P2 2513283 2559432
P3 229411 469387
P4 0 0
P5 840084 337117
P6 0 0
P7 0 0
P8 1354456 549731
P9 3339175 2908450
P10 2707906 2412960
P11 552886 984034
P12 1361068 1093559
P13 731792 1564758
P14 745335 2467505
P15 14718555 12670126
P0 2941133 3612855
P1 1476248 2605822
P2 2513283 2559432
P3 229411 469387
P4 0 0
P5 840084 337117
P6 0 0
P7 0 0
P8 1354456 549731
P9 3339175 2908450
P10 2707906 2412960
P11 552886 984034
P12 1361068 1093559
P13 731792 1564758
P14 745335 2467505
P15 14718555 12670126
0 0
0
229411 469387
928119 288080
2513283 2559432
0
17
58
136
P0 2941133 3612855
P1 1476248 2605822
P2 2513283 2559432
P3 229411 469387
P4 0 0
P5 346515 296702
P6 336848 153576
P7 0 0
P8 1354456 549731
P9 3339175 2908450
P10 2707906 2412960
P11 531495 705882
P12 1361068 1093559
P13 731792 1564758
P14 1192537 2528748
P15 14656168 11814872
127
448921 105976
0
127
0
0
0 0
133
731792 1564758
978038 458576
0
133
21
130
0
136
127
55
0
0
0
54
0
124
59
29
P0 2941133 3612855
P1 1476248 2605822
P2 2513283 2559432
P3 195321 2443
P4 475267 76920
P5 346515 296702
P6 26417 98436
P7 0 0
P8 859973 1086190
P9 3339175 2908450
P10 2707906 2412960
P11 531495 705882
P12 1361068 1093559
P13 731792 1564758
P14 1956342 2790428
P15 15484739 12154988
P0 2941133 3612855
P1 1476248 2605822
P2 2513283 2559432
P3 195321 2443
P4 475267 76920
P5 346515 296702
P6 26417 98436
P7 0 0
P8 859973 1086190
P9 3339175 2908450
P10 2707906 2412960
P11 531495 705882
P12 1361068 1093559
P13 731792 1564758
P14 1956342 2790428
P15 14196255 11727480
93
P0 2941133 3612855
P1 1476248 2605822
P2 2513283 2559432
P3 195321 2443
P4 475267 76920
P5 346515 296702
P6 26417 98436
P7 0 0
P8 859973 1086190
P9 3339175 2908450
P10 2707906 2412960
P11 531495 705882
P12 1361068 1093559
P13 731792 1564758
P14 1956342 2790428
P15 14196255 11727480
0
56
0
11
579304 1382852
0
0
P0 2941133 3612855
P1 1476248 2605822
P2 2513283 2559432
P3 195321 2443
P4 475267 76920
P5 346515 296702
P6 26417 98436
P7 0 0
P8 859973 1086190
P9 3673480 3756323
P10 2707906 2412960
P11 531495 705882
P12 1361068 1093559
P13 731792 1564758
P14 2386734 3467148
P15 15168641 12533227
P0 2941133 3612855
P1 1476248 2605822
P2 2513283 2559432
P3 195321 2443
P4 475267 76920
P5 346515 296702
P6 26417 98436
P7 0 0
P8 859973 1086190
P9 3673480 3756323
P10 2707906 2412960
P11 531495 705882
P12 1361068 1093559
P13 731792 1564758
P14 2386734 3467148
P15 15168641 12533227
P0 2941133 3612855
P1 1476248 2605822
P2 2513283 2559432
P3 195321 2443
P4 475267 76920
P5 346515 296702
P6 26417 98436
P7 0 0
P8 859973 1086190
P9 3673480 3756323
P10 2707906 2412960
P11 531495 705882
P12 1361068 1093559
P13 731792 1564758
P14 2386734 3467148
P15 15168641 12533227
0
110
54
P0 2941133 3612855
P1 1476248 2605822
P2 2513283 2559432
P3 195321 2443
P4 475267 76920
P5 346515 296702
P6 26417 98436
P7 0 0
P8 859973 1086190
P9 3673480 3756323
P10 2707906 2412960
P11 531495 705882
P12 1361068 1093559
P13 731792 1564758
P14 2386734 3467148
P15 15168641 12533227
54
P0 2941133 3612855
P1 1476248 2605822
P2 2513283 2559432
P3 195321 2443
P4 475267 76920
P5 346515 296702
P6 26417 98436
P7 0 0
P8 859973 1086190
P9 3673480 3756323
P10 2707906 2412960
P11 531495 705882
P12 1361068 1093559
P13 731792 1564758
P14 2386734 3467148
P15 15168641 12533227
1123054 668736
P0 2941133 3612855
P1 1476248 2605822
P2 2513283 2559432
P3 195321 2443
P4 475267 76920
P5 346515 296702
P6 26417 98436
P7 0 0
P8 859973 1086190
P9 3673480 3756323
P10 2707906 2412960
P11 531495 705882
P12 1361068 1093559
P13 731792 1564758
P14 3067622 4243937
P15 15168641 12533227
P0 2941133 3612855
P1 1476248 2605822
P2 2513283 2559432
P3 195321 2443
P4 475267 76920
P5 346515 296702
P6 26417 98436
P7 0 0
P8 859973 1086190
P9 3673480 3756323
P10 2707906 2412960
P11 531495 705882
P12 1361068 1093559
P13 731792 1564758
P14 3067622 4243937
P15 15168641 12533227
59
0
59
0
507543 382203
P0 2941133 3612855
P1 1476248 2605822
P2 2513283 2559432
P3 195321 2443
P4 475267 76920
P5 346515 296702
P6 26417 98436
P7 0 0
P8 859973 1086190
P9 3673480 3756323
P10 2707906 2412960
P11 531495 705882
P12 1361068 1093559
P13 731792 1564758
P14 3067622 4243937
P15 15168641 12533227
136
0
0
0
731792 1564758
1476248 2605822
59
0
0
0
59
186946 640123
54
54
100
507543 382203
507543 382203
691402 113243
54
132
1508556 1358422
0 0
117
0
19
0
P0 648982 2410486
P1 1476248 2605822
P2 2513283 2559432
P3 195321 2443
P4 475267 76920
P5 346515 296702
P6 26417 98436
P7 0 0
P8 859973 1086190
P9 4254119 4371851
P10 2707906 2412960
P11 531495 705882
P12 1361068 1093559
P13 731792 1564758
P14 2908262 3647007
P15 15413194 13500827
1361068 1093559
P0 648982 2410486
P1 1476248 2605822
P2 2513283 2559432
P3 195321 2443
P4 475267 76920
P5 346515 296702
P6 26417 98436
P7 0 0
P8 859973 1086190
P9 1858840 3384782
P10 2707906 2412960
P11 531495 705882
P12 1361068 1093559
P13 731792 1564758
P14 2908262 3647007
P15 15413194 13500827
P0 648982 2410486
P1 1476248 2605822
P2 2513283 2559432
P3 195321 2443
P4 475267 76920
P5 346515 296702
P6 26417 98436
P7 0 0
P8 859973 1086190
P9 1858840 3384782
P10 2707906 2412960
P11 531495 705882
P12 1361068 1093559
P13 731792 1564758
P14 2908262 3647007
P15 16225723 13753745
P0 648982 2410486
P1 1476248 2605822
P2 2513283 2559432
P3 195321 2443
P4 475267 76920
P5 346515 296702
P6 26417 98436
P7 0 0
P8 859973 1086190
P9 1858840 3384782
P10 2707906 2412960
P11 531495 705882
P12 1361068 1093559
P13 731792 1564758
P14 2908262 3647007
P15 16225723 13753745
0
45
58
P0 648982 2410486
P1 1476248 2605822
P2 2513283 2559432
P3 195321 2443
P4 475267 76920
P5 346515 296702
P6 26417 98436
P7 0 0
P8 859973 1086190
P9 1858840 3384782
P10 1597949 1240513
P11 531495 705882
P12 1361068 1093559
P13 731792 1564758
P14 2908262 3647007
P15 16225723 13753745
0
57
57
475267 76920
P0 648982 2410486
P1 1476248 2605822
P2 2513283 2559432
P3 195321 2443
P4 475267 76920
P5 346515 296702
P6 26417 98436
P7 0 0
P8 859973 1086190
P9 1858840 3384782
P10 1597949 1240513
P11 531495 705882
P12 1361068 1093559
P13 731792 1564758
P14 3767568 3836278
P15 16130684 13540114
1195827 1835722
0
346515 296702
P0 648982 2410486
P1 1476248 2605822
P2 2513283 2559432
P3 195321 2443
P4 475267 76920
P5 346515 296702
P6 26417 98436
P7 0 0
P8 859973 1086190
P9 1858840 3384782
P10 1597949 1240513
P11 531495 705882
P12 1361068 1093559
P13 731792 1564758
P14 3767568 3836278
P15 16130684 13540114
6
0 0
132
54
0
60
60
656832 1418533
P0 648982 2410486
P1 1476248 2605822
P2 2513283 2559432
P3 195321 2443
P4 475267 76920
P5 346515 296702
P6 26417 98436
P7 0 0
P8 859973 1086190
P9 1858840 3384782
P10 1597949 1240513
P11 89424 513851
P12 1361068 1093559
P13 731792 1564758
P14 3767568 3836278
P15 15968323 12987691
60
27
54
109
1781916 934516
54
6
0
0
0 0
60
60
P0 648982 2410486
P1 1476248 2605822
P2 2513283 2559432
P3 195321 2443
P4 475267 76920
P5 346515 296702
P6 26417 98436
P7 0 0
P8 859973 1086190
P9 1858840 3384782
P10 1569632 1164583
P11 89424 513851
P12 1361068 1093559
P13 731792 1564758
P14 3767568 3836278
P15 15894532 12927580
P0 648982 2410486
P1 1476248 2605822
P2 2513283 2559432
P3 195321 2443
P4 475267 76920
P5 346515 296702
P6 26417 98436
P7 0 0
P8 859973 1086190
P9 1858840 3384782
P10 1569632 1164583
P11 89424 513851
P12 1361068 1093559
P13 731792 1564758
P14 3767568 3836278
P15 15894532 12927580
P0 648982 2410486
P1 1476248 2605822
P2 2513283 2559432
P3 195321 2443
P4 475267 76920
P5 346515 296702
P6 26417 98436
P7 0 0
P8 859973 1086190
P9 1858840 3384782
P10 1569632 1164583
P11 89424 513851
P12 1361068 1093559
P13 731792 1564758
P14 3767568 3836278
P15 15894532 12927580
60
60
54
1195827 1835722
P0 648982 2410486
P1 1476248 2605822
P2 2513283 2559432
P3 195321 2443
P4 475267 76920
P5 346515 296702
P6 26417 98436
P7 0 0
P8 859973 1086190
P9 1858840 3384782
P10 1542543 394655
P11 1635795 1259365
P12 1361068 1093559
P13 731792 1564758
P14 3767568 3836278
P15 15894532 12927580
0
61
56
0
P0 648982 2410486
P1 1476248 2605822
P2 2513283 2559432
P3 195321 2443
P4 475267 76920
P5 346515 296702
P6 26417 98436
P7 0 0
P8 859973 1086190
P9 1858840 3384782
P10 1542543 394655
P11 1635795 1259365
P12 1361068 1093559
P13 731792 1564758
P14 3767568 3836278
P15 15894532 12927580
0
0
0
0
56
56
61
1656284 1126964
26417 98436
14
P0 648982 2410486
P1 1476248 2605822
P2 2513283 2559432
P3 195321 2443
P4 475267 76920
P5 346515 296702
P6 26417 98436
P7 0 0
P8 859973 1086190
P9 1858840 3384782
P10 1542543 394655
P11 1635795 1259365
P12 1361068 1093559
P13 731792 1564758
P14 4713158 5364812
P15 15894532 12927580
0
56
1656284 1126964
928119 288080
57
57
21
3122494 2945652
5343211 5049067
0
0
146037 2335451
P0 648982 2410486
P1 1476248 2605822
P2 2513283 2559432
P3 195321 2443
P4 475267 76920
P5 346515 296702
P6 26417 98436
P7 0 0
P8 859973 1086190
P9 1858840 3384782
P10 1542543 394655
P11 1762131 2179500
P12 1361068 1093559
P13 731792 1564758
P14 4713158 5364812
P15 16449604 13069309
P0 648982 2410486
P1 1476248 2605822
P2 2513283 2559432
P3 195321 2443
P4 475267 76920
P5 346515 296702
P6 26417 98436
P7 0 0
P8 859973 1086190
P9 1858840 3384782
P10 1542543 394655
P11 1762131 2179500
P12 1361068 1093559
P13 731792 1564758
P14 4713158 5364812
P15 16449604 13069309
P0 648982 2410486
P1 1476248 2605822
P2 2513283 2559432
P3 195321 2443
P4 475267 76920
P5 346515 296702
P6 26417 98436
P7 0 0
P8 859973 1086190
P9 1858840 3384782
P10 1542543 394655
P11 1762131 2179500
P12 1361068 1093559
P13 731792 1564758
P14 4713158 5364812
P15 16449604 13069309
P0 648982 2410486
P1 1476248 2605822
P2 2513283 2559432
P3 195321 2443
P4 475267 76920
P5 346515 296702
P6 26417 98436
P7 0 0
P8 859973 1086190
P9 1858840 3384782
P10 1542543 394655
P11 1762131 2179500
P12 1361068 1093559
P13 731792 1564758
P14 4713158 5364812
P15 16449604 13069309
0
2513283 2559432
17716 6568
56
0
1
P0 872696 2944017
P1 1476248 2605822
P2 2513283 2559432
P3 195321 2443
P4 475267 76920
P5 346515 296702
P6 26417 98436
P7 0 0
P8 859973 1086190
P9 1858840 3384782
P10 1542543 394655
P11 914607 1752907
P12 1361068 1093559
P13 731792 1564758
P14 4713158 5364812
P15 16449604 13069309
1224913 2201029
P0 872696 2944017
P1 1476248 2605822
P2 2513283 2559432
P3 195321 2443
P4 475267 76920
P5 346515 296702
P6 26417 98436
P7 0 0
P8 859973 1086190
P9 1858840 3384782
P10 1542543 394655
P11 914607 1752907
P12 1361068 1093559
P13 731792 1564758
P14 4713158 5364812
P15 16449604 13069309
1540421 423956
251335 404793
356677 1304809
502945 75035
0
P0 872696 2944017
P1 1476248 2605822
P2 2513283 2559432
P3 195321 2443
P4 475267 76920
P5 346515 296702
P6 26417 98436
P7 0 0
P8 859973 1086190
P9 1858840 3384782
P10 1542543 394655
P11 914607 1752907
P12 1361068 1093559
P13 731792 1564758
P14 4713158 5364812
P15 18300670 14660494
P0 872696 2944017
P1 1476248 2605822
P2 2513283 2559432
P3 195321 2443
P4 475267 76920
P5 346515 296702
P6 26417 98436
P7 0 0
P8 859973 1086190
P9 1858840 3384782
P10 1542543 394655
P11 914607 1752907
P12 1361068 1093559
P13 731792 1564758
P14 4713158 5364812
P15 18300670 14660494
53
928119 288080
61
56
122
P0 872696 2944017
P1 1476248 2605822
P2 2513283 2559432
P3 195321 2443
P4 475267 76920
P5 346515 296702
P6 26417 98436
P7 0 0
P8 859973 1086190
P9 1858840 3384782
P10 1542543 394655
P11 914607 1752907
P12 1361068 1093559
P13 731792 1564758
P14 4713158 5364812
P15 18078883 14601740
P0 872696 2944017
P1 1476248 2605822
P2 2513283 2559432
P3 195321 2443
P4 475267 76920
P5 346515 296702
P6 26417 98436
P7 0 0
P8 859973 1086190
P9 1858840 3384782
P10 1542543 394655
P11 914607 1752907
P12 1361068 1093559
P13 731792 1564758
P14 4713158 5364812
P15 18078883 14601740
56
P0 848454 2908937
P1 1476248 2605822
P2 2513283 2559432
P3 195321 2443
P4 475267 76920
P5 346515 296702
P6 26417 98436
P7 0 0
P8 859973 1086190
P9 1858840 3384782
P10 1542543 394655
P11 914607 1752907
P12 1361068 1093559
P13 731792 1564758
P14 4713158 5364812
P15 18078883 14601740
475267 76920
1508556 1358422
0 0
61
61
0
127
120
59
P0 1238786 2919466
P1 1476248 2605822
P2 2513283 2559432
P3 195321 2443
P4 475267 76920
P5 551825 998609
P6 26417 98436
P7 0 0
P8 859973 1086190
P9 1858840 3384782
P10 1542543 394655
P11 914607 1752907
P12 1361068 1093559
P13 151992 1488210
P14 4713158 5364812
P15 17451717 14324830
0
59
