22
P0 4040295 4014812
P1 29723569 30921919
0
40
22
21
5380145 7189668
1383061 1999709
0
2528180 1216550
35
0
4
20
14
19
501065 1592946
1383061 1999709
0
0
4
P0 1879907 3691336
P1 29335050 31443799
P0 1879907 3691336
P1 29335050 31443799
34
0
1383061 1999709
36
P0 1879907 3691336
P1 29335050 31443799
52
0
P0 1879907 3691336
P1 29335050 31443799
P0 1879907 3691336
P1 29335050 31443799
20
20
36
P0 1879907 3691336
P1 28634218 30175514
36
0
56
56
945682 894182
5578938 4152222
36
36
39
0
5
0
P0 1879907 3691336
P1 29964490 30846402
P0 1879907 3691336
P1 29964490 30846402
0
1
1383061 1999709
P0 1879907 3691336
P1 29080307 30835804
0
23
1483613 1358589
0
0
3339880 3281564
P0 2761503 3726972
P1 29185644 30840500
P0 2761503 3726972
P1 29185644 30840500
0
20
54
54
P0 2761503 3726972
P1 26827826 30470768
0
13
37
19
37
0
9738 308106
1
22
53
22
865839 738227
34
P0 2761503 3726972
P1 30241175 31683814
22
496846 1691627
0
2464931 2223942
33696949 35527409
2068282 2338340
33
4321474 3151249
15
23
458547 1381866
0
0
0
0
55
27
36
26
3
P0 2761503 3726972
P1 32662465 31359756
2333222 1095610
7
49
P0 2761503 3726972
P1 28071569 28359974
P0 2761503 3726972
P1 28071569 28359974
41
0
29
P0 2562558 3631354
P1 28071569 28359974
56
P0 2562558 3631354
P1 29029476 29130166
P0 2562558 3631354
P1 29029476 29130166
6
2155823 3066580
29
27
1731862 1515290
0
P0 2562558 3631354
P1 28209764 30075299
0
0
1079300 94561
0
P0 2562558 3631354
P1 28209764 30075299
24
P0 2562558 3631354
P1 28209764 30075299
1341980 954157
12924 236778
24
16380 39871
P0 2562558 3631354
P1 28118068 28717737
2448718 2187059
P0 2562558 3631354
P1 28027260 28012718
49
16380 39871
7
2965372 1767899
P0 2562558 3631354
P1 29080743 28834144
908138 1528561
P0 2562558 3631354
P1 29033022 28750422
0
943486 666668
0
29
30
1847073 1109242
0
26
30
0
P0 2562558 3631354
P1 28006954 28685257
0
P0 2562558 3631354
P1 26614332 27247281
0
25
0
P0 2562558 3631354
P1 27477557 27663172
26
26
25
25
P0 2918497 4267703
P1 27277025 25561790
0
138628 175144
2965372 1767899
3649750 4334690
46
943486 666668
1847073 1109242
41
31
0
785538 1489475
22
13249005 12588550
25
0
175832 68482
16380 39871
0
0
0
21
2740266 2190089
25
P0 2918497 4267703
P1 29023245 26552773
P0 2918497 4267703
P1 29023245 26552773
11
0
32
0
P0 3351056 4457536
P1 28840065 22761850
P0 3351056 4457536
P1 28840065 22761850
1847073 1109242
1847073 1109242
P0 3351056 4457536
P1 28774773 22615741
37
33
2155823 3066580
1847073 1109242
P0 3351056 4457536
P1 28774773 22615741
33
4
0
1847073 1109242
