1847881 2095527
74
0 0
0
669414 173390
4
0
509042 791450
940242 493394
73
22
0 0
0
73
0
0
68
1733797 535557
683753 552388
0
24
P0 3555748 3998254
P1 4922282 5671068
P2 15721870 16559665
534910 469185
34
0
24
24
P0 3555748 3998254
P1 5474989 6330062
P2 15954616 16304425
0
0
P0 3555748 3998254
P1 6010222 6630465
P2 15863822 15990256
0
33
P0 3555748 3998254
P1 5889277 6574548
P2 15863822 15990256
1913070 970358
P0 3446773 3541975
P1 5889277 6574548
P2 16314277 16178977
P0 3446773 3541975
P1 5889277 6574548
P2 16314277 16178977
P0 3446773 3541975
P1 5889277 6574548
P2 16314277 16178977
25139 564503
0
P0 3446773 3541975
P1 5889277 6574548
P2 16810533 18036805
1200475 720703
0 0
17
0
16
P0 3446773 3541975
P1 5889277 6574548
P2 17263354 18420654
0
23
70
2326974 2734740
P0 2419927 3375673
P1 5889277 6574548
P2 17474625 18512951
23
P0 2419927 3375673
P1 5889277 6574548
P2 17474625 18512951
0
18
P0 1762478 2936777
P1 5889277 6574548
P2 17276468 17812479
0
0
21
21
0
0
0
66
52800 327572
0
70
0
20
20
20
20
40
40
2
750866 1294918
9
0
3
73
79986 319553
P0 1762478 2936777
P1 5993164 6577401
P2 16005204 19153143
P0 1762478 2936777
P1 5993164 6577401
P2 15592304 18686488
51
P0 1762478 2936777
P1 5993164 6577401
P2 15592304 18686488
0
P0 1762478 2936777
P1 5993164 6577401
P2 15543413 18657349
2
4
19
41
P0 1762478 2936777
P1 5993164 6577401
P2 15543413 18657349
19
71
0
P0 1762478 2936777
P1 5934569 5721344
P2 15064096 18271965
16
73
73
38
62
0
