P0 883781 481491
P1 3766414 2779992
P2 693187 851745
P3 3175046 1914549
P4 1031483 2727354
P5 0 0
P6 864904 926880
P7 1096952 263123
P8 2692528 2874022
P9 1568370 2632488
P10 5559172 3938896
P11 8282390 10256721
0
0
52
1648198 1491103
P0 883781 481491
P1 3766414 2779992
P2 693187 851745
P3 3175046 1914549
P4 1031483 2727354
P5 0 0
P6 864904 926880
P7 1096952 263123
P8 2982105 3854881
P9 1568370 2632488
P10 5559172 3938896
P11 8335112 10794398
56
5
63
1865668 1041800
0
2
173
173
32315 248037
1403760 424438
0
1096952 263123
0
0
190352 281525
0
P0 883781 481491
P1 3504041 2343964
P2 693187 851745
P3 3175046 1914549
P4 1031483 2727354
P5 0 0
P6 1094574 1799422
P7 1096952 263123
P8 2982105 3854881
P9 1568370 2632488
P10 5944856 4492319
P11 8335112 10794398
0 0
P0 883781 481491
P1 3504041 2343964
P2 693187 851745
P3 3175046 1914549
P4 1031483 2727354
P5 0 0
P6 762228 1622852
P7 1096952 263123
P8 2982105 3854881
P9 1568370 2632488
P10 5944856 4492319
P11 8335112 10794398
49
0
138
P0 883781 481491
P1 3504041 2343964
P2 693187 851745
P3 3175046 1914549
P4 1031483 2727354
P5 0 0
P6 762228 1622852
P7 1096952 263123
P8 2982105 3854881
P9 1568370 2632488
P10 5944856 4492319
P11 8335112 10794398
883781 481491
P0 883781 481491
P1 3504041 2343964
P2 693187 851745
P3 3175046 1914549
P4 1031483 2727354
P5 0 0
P6 762228 1622852
P7 1096952 263123
P8 2982105 3854881
P9 1568370 2632488
P10 5944856 4492319
P11 8335112 10794398
58
0
P0 883781 481491
P1 3504041 2343964
P2 693187 851745
P3 3175046 1914549
P4 1031483 2727354
P5 0 0
P6 762228 1622852
P7 1096952 263123
P8 2982105 3854881
P9 1568370 2632488
P10 5370767 3380470
P11 8335112 10794398
0
0
P0 883781 481491
P1 3504041 2343964
P2 693187 851745
P3 3175046 1914549
P4 1031483 2727354
P5 0 0
P6 762228 1622852
P7 1096952 263123
P8 2982105 3854881
P9 1568370 2632488
P10 5370767 3380470
P11 8335112 10794398
55
0
68
538560 93744
0
190352 281525
0
68
68
0
156
518473 403981
22
14
0
72
P0 883781 481491
P1 3504041 2343964
P2 693187 851745
P3 3175046 1914549
P4 1792890 3379646
P5 0 0
P6 762228 1622852
P7 1096952 263123
P8 3019800 2600913
P9 1568370 2632488
P10 5364114 3123492
P11 8942079 11423043
P0 883781 481491
P1 3502024 1981587
P2 693187 851745
P3 3175046 1914549
P4 1792890 3379646
P5 0 0
P6 762228 1622852
P7 1096952 263123
P8 3019800 2600913
P9 1568370 2632488
P10 5364114 3123492
P11 8942079 11423043
146
0
154
P0 883781 481491
P1 3502024 1981587
P2 693187 851745
P3 3175046 1914549
P4 1792890 3379646
P5 0 0
P6 762228 1622852
P7 1096952 263123
P8 3019800 2600913
P9 1568370 2632488
P10 5364114 3123492
P11 8942079 11423043
163
8942079 11423043
P0 883781 481491
P1 3502024 1981587
P2 693187 851745
P3 3175046 1914549
P4 1792890 3379646
P5 0 0
P6 762228 1622852
P7 1096952 263123
P8 3019800 2600913
P9 1568370 2632488
P10 5364114 3123492
P11 8942079 11423043
51
51
8942079 11423043
74
P0 883781 481491
P1 3502024 1981587
P2 693187 851745
P3 3175046 1914549
P4 2413725 4340054
P5 0 0
P6 762228 1622852
P7 1096952 263123
P8 3019800 2600913
P9 1568370 2632488
P10 5364114 3123492
P11 10085286 12366181
882499 1512368
79
0
149
33
52
155
0
0
344040 890677
13
112
0
877925 956296
68
1516245 1641455
P0 883781 481491
P1 3502024 1981587
P2 693187 851745
P3 1350991 1076399
P4 2413725 4340054
P5 0 0
P6 762228 1622852
P7 1096952 263123
P8 2887291 3493033
P9 1568370 2632488
P10 5364114 3123492
P11 10085286 12366181
P0 883781 481491
P1 3502024 1981587
P2 693187 851745
P3 1350991 1076399
P4 2413725 4340054
P5 0 0
P6 762228 1622852
P7 1096952 263123
P8 2887291 3493033
P9 1568370 2632488
P10 5364114 3123492
P11 10085286 12366181
191353 1281071
P0 883781 481491
P1 3502024 1981587
P2 693187 851745
P3 1350991 1076399
P4 2413725 4340054
P5 0 0
P6 762228 1622852
P7 1096952 263123
P8 2887291 3493033
P9 1568370 2632488
P10 5364114 3123492
P11 10085286 12366181
16
0
1308586 939505
68
0
68
15
68
0
0
1
387614 620407
184674 912680
169
68
68
P0 883781 481491
P1 3502024 1981587
P2 693187 851745
P3 1350991 1076399
P4 2413725 4340054
P5 0 0
P6 762228 1622852
P7 1096952 263123
P8 3674639 3971640
P9 1568370 2632488
P10 5364114 3123492
P11 10085286 12366181
0
792730 273737
0
1096952 263123
0 0
P0 883781 481491
P1 3502024 1981587
P2 693187 851745
P3 1350991 1076399
P4 2413725 4340054
P5 0 0
P6 762228 1622852
P7 1096952 263123
P8 3674639 3971640
P9 2408353 3104937
P10 5578823 3182287
P11 10085286 12366181
26
0
2184396 2293803
115
1446737 970868
46
0
0
68
P0 883781 481491
P1 3152691 1780289
P2 693187 851745
P3 1609248 1176606
P4 2413725 4340054
P5 0 0
P6 762228 1622852
P7 1096952 263123
P8 3674639 3971640
P9 1179075 3104797
P10 6562480 4127279
P11 10698958 13164891
157
P0 883781 481491
P1 3152691 1780289
P2 693187 851745
P3 1609248 1176606
P4 2413725 4340054
P5 0 0
P6 762228 1622852
P7 1096952 263123
P8 3674639 3971640
P9 1179075 3104797
P10 6562480 4127279
P11 10698958 13164891
0
17
0 0
65
P0 883781 481491
P1 3152691 1780289
P2 693187 851745
P3 1609248 1176606
P4 2413725 4340054
P5 0 0
P6 762228 1622852
P7 1096952 263123
P8 3674639 3971640
P9 1179075 3104797
P10 6562480 4127279
P11 10731317 13920765
22
P0 883781 481491
P1 3152691 1780289
P2 693187 851745
P3 1609248 1176606
P4 2413725 4340054
P5 0 0
P6 762228 1622852
P7 1096952 263123
P8 3674639 3971640
P9 1179075 3104797
P10 6562480 4127279
P11 10731317 13920765
66
24
0
729913 1374815
0
0
24
0
0
883781 481491
66
65
1720 15919
762228 1622852
P0 883781 481491
P1 3152691 1780289
P2 693187 851745
P3 1609248 1176606
P4 2413725 4340054
P5 0 0
P6 762228 1622852
P7 1096952 263123
P8 3674639 3971640
P9 1179075 3104797
P10 7860605 5080233
P11 10731317 13920765
P0 883781 481491
P1 3152691 1780289
P2 693187 851745
P3 1609248 1176606
P4 2413725 4340054
P5 0 0
P6 762228 1622852
P7 1096952 263123
P8 3674639 3971640
P9 1179075 3104797
P10 7860605 5080233
P11 10731317 13920765
173
0
0
0
0
P0 883781 481491
P1 3152691 1780289
P2 856294 1829920
P3 1609248 1176606
P4 2413725 4340054
P5 0 0
P6 762228 1622852
P7 1096952 263123
P8 3674639 3971640
P9 1179075 3104797
P10 7860605 5080233
P11 11060731 14185625
961420 456647
883781 481491
P0 883781 481491
P1 3152691 1780289
P2 856294 1829920
P3 1609248 1176606
P4 2413725 4340054
P5 0 0
P6 762228 1622852
P7 1096952 263123
P8 3674639 3971640
P9 1179075 3104797
P10 7860605 5080233
P11 11060731 14185625
67
111
0
66
66
1029413 522065
P0 883781 481491
P1 3152691 1780289
P2 856294 1829920
P3 1609248 1176606
P4 2958217 4405895
P5 0 0
P6 762228 1622852
P7 1096952 263123
P8 3674639 3971640
P9 1179075 3104797
P10 7860605 5080233
P11 11060731 14185625
0
0
50
66
P0 883781 481491
P1 3152691 1780289
P2 856294 1829920
P3 1609248 1176606
P4 2958217 4405895
P5 0 0
P6 762228 1622852
P7 1096952 263123
P8 3674639 3971640
P9 1179075 3104797
P10 7860605 5080233
P11 11060731 14185625
1096952 263123
P0 883781 481491
P1 3152691 1780289
P2 856294 1829920
P3 1609248 1176606
P4 2958217 4405895
P5 0 0
P6 762228 1622852
P7 1096952 263123
P8 3674639 3971640
P9 1179075 3104797
P10 7860605 5080233
P11 11060731 14185625
67
P0 883781 481491
P1 3152691 1780289
P2 856294 1829920
P3 1609248 1176606
P4 2958217 4405895
P5 0 0
P6 762228 1622852
P7 1096952 263123
P8 3674639 3971640
P9 1179075 3104797
P10 7860605 5080233
P11 11060731 14185625
66
190352 281525
0
P0 883781 481491
P1 3152691 1780289
P2 856294 1829920
P3 1609248 1176606
P4 2958217 4405895
P5 0 0
P6 762228 1622852
P7 1096952 263123
P8 3674639 3971640
P9 1179075 3104797
P10 7860605 5080233
P11 11060731 14185625
41613 203650
164
1041141 1019319
0
P0 883781 481491
P1 2303595 1661648
P2 856294 1829920
P3 1609248 1176606
P4 2958217 4405895
P5 0 0
P6 762228 1622852
P7 1096952 263123
P8 3556946 3470856
P9 1451821 3273407
P10 7860605 5080233
P11 11012881 13809945
0
1445546 1117599
0
P0 883781 481491
P1 2303595 1661648
P2 856294 1829920
P3 1609248 1176606
P4 3764946 4651749
P5 0 0
P6 762228 1622852
P7 1096952 263123
P8 4289558 3724781
P9 1451821 3273407
P10 7860605 5080233
P11 11739944 14625683
122
1446737 970868
68
0 0
68
68
56
0 0
68
173
0
173
102
71
883781 481491
P0 883781 481491
P1 2303595 1661648
P2 856294 1829920
P3 1609248 1176606
P4 3994330 5344884
P5 0 0
P6 762228 1622852
P7 1096952 263123
P8 4289558 3724781
P9 2322901 3400386
P10 7860605 5080233
P11 12188829 15450136
37
883781 481491
71
16
0
2270776 2409353
359452 552315
0
