1316914 1014047
0 0
141
0
587458 339787
12
5
0
58
0
P0 4314336 4926778
P1 333903 696775
P2 6756304 7585022
P3 14373100 14696562
35
31
112
46
0
0
0
5
1322565 1458776
0
P0 4314336 4926778
P1 256873 284527
P2 6756304 7585022
P3 13892023 14150757
47427 428906
2
P0 4314336 4926778
P1 256873 284527
P2 6756304 7585022
P3 13892023 14150757
0
58
46
0 0
P0 4314336 4926778
P1 462 113691
P2 6756304 7585022
P3 13892023 14150757
P0 4314336 4926778
P1 462 113691
P2 6756304 7585022
P3 13892023 14150757
0
130
52
P0 5034976 5137541
P1 462 113691
P2 6756304 7585022
P3 14034622 13679837
0 0
138
0 0
21
0
0
301097 104553
0
P0 3485131 4325946
P1 462 113691
P2 6756304 7585022
P3 13916306 12738466
P0 3485131 4325946
P1 462 113691
P2 6756304 7585022
P3 13916306 12738466
54
55
P0 3498639 4187054
P1 462 113691
P2 7308856 7607976
P3 14785496 13677274
P0 3498639 4187054
P1 462 113691
P2 7308856 7607976
P3 14785496 13677274
58
15
P0 3498639 4187054
P1 462 113691
P2 7308856 7607976
P3 14331497 12521994
676467 709705
P0 3498639 4187054
P1 462 113691
P2 7308856 7607976
P3 14331497 12521994
116
525330 1388511
58
P0 3498639 4187054
P1 462 113691
P2 7308856 7607976
P3 14331497 12521994
4
1685646 2164453
1449395 2728390
0
26
209394 110786
352924 10860
P0 4109186 4810436
P1 462 113691
P2 7308856 7607976
P3 16240365 12913840
P0 4109186 4810436
P1 462 113691
P2 7308856 7607976
P3 16240365 12913840
60
571984 129635
0
0 0
60
0
827229 936783
34
0
55
0
P0 4283785 5116823
P1 462 113691
P2 7308856 7607976
P3 16118671 12616125
38
700990 851039
P0 4283785 5116823
P1 462 113691
P2 7308856 7607976
P3 16848813 12988170
62
1669617 378104
0 0
0
109
411088 1559548
676467 709705
61
56
1576353 1053589
846211 681544
P0 4459627 5276588
P1 462 113691
P2 7482085 8443860
P3 16787932 12891358
131
0
56
525330 1388511
0
P0 4459627 5276588
P1 462 113691
P2 6527314 8415006
P3 16787932 12891358
4
120
0
117
0 0
0
30
0
P0 4459627 5276588
P1 462 113691
P2 6527314 8415006
P3 17134214 12721467
63
1316914 1014047
0
56
12
30
0
56
28
P0 4459627 5276588
P1 462 113691
P2 6527314 8415006
P3 17134214 12721467
459059 42196
P0 4459627 5276588
P1 462 113691
P2 7141614 9629094
P3 16864595 12698310
60
411088 1559548
60
108
0
P0 4459627 5276588
P1 462 113691
P2 6735311 9625631
P3 16864595 12698310
0
1
P0 4459627 5276588
P1 462 113691
P2 6735311 9625631
P3 16799127 12132010
62
725435 177226
0
1224410 783295
