0
0
P0 1322745751 1516510914
P1 1302166260 446462938
P2 1660512258 1102841552
P3 0 0
P4 1650070462 2041337658
P5 124450494 176536357
P6 0 0
P7 357945224 945882825
P8 1226555512 2573942889
P9 0 0
P10 2046051552 1870141028
P11 870531381 505415617
P12 719508506 282155923
P13 703533147 654605208
P14 718762023 274767837
P15 513470563 1077797029
P16 15261821293 11817193690
0 0
0
P0 1322745751 1516510914
P1 1302166260 446462938
P2 1660512258 1102841552
P3 0 0
P4 1328890706 1765994265
P5 124450494 176536357
P6 0 0
P7 357945224 945882825
P8 1226555512 2573942889
P9 0 0
P10 2046051552 1870141028
P11 870531381 505415617
P12 719508506 282155923
P13 703533147 654605208
P14 718762023 274767837
P15 513470563 1077797029
P16 15261821293 11817193690
17
49
149
0
0 0
P0 1322745751 1516510914
P1 1302166260 446462938
P2 1660512258 1102841552
P3 0 0
P4 1328890706 1765994265
P5 124450494 176536357
P6 0 0
P7 357945224 945882825
P8 1226555512 2573942889
P9 0 0
P10 2046051552 1870141028
P11 870531381 505415617
P12 719508506 282155923
P13 703533147 654605208
P14 718762023 274767837
P15 1087121103 2004234991
P16 15360087457 12343164373
107
43
9
0 0
149
44
0
141
0
0
148
616290735 131641453
16601210299 13373103559
49
1
P0 1322745751 1516510914
P1 1302166260 446462938
P2 1660512258 1102841552
P3 0 0
P4 1328890706 1765994265
P5 124450494 176536357
P6 0 0
P7 357945224 945882825
P8 1226555512 2573942889
P9 0 0
P10 2046051552 1870141028
P11 870531381 505415617
P12 1307479608 1099800196
P13 703533147 654605208
P14 718762023 274767837
P15 1087121103 2004234991
P16 16601210299 13373103559
P0 1322745751 1516510914
P1 1302166260 446462938
P2 1660512258 1102841552
P3 0 0
P4 1328890706 1765994265
P5 124450494 176536357
P6 0 0
P7 357945224 945882825
P8 1226555512 2573942889
P9 0 0
P10 2046051552 1870141028
P11 870531381 505415617
P12 1307479608 1099800196
P13 703533147 654605208
P14 718762023 274767837
P15 1087121103 2004234991
P16 16601210299 13373103559
0
0
5
43
148
585332255 1067315542
124450494 176536357
P0 1322745751 1516510914
P1 1302166260 446462938
P2 1660512258 1102841552
P3 0 0
P4 1328890706 1765994265
P5 124450494 176536357
P6 0 0
P7 357945224 945882825
P8 1226555512 2573942889
P9 0 0
P10 2046051552 1870141028
P11 870531381 505415617
P12 1307479608 1099800196
P13 703533147 654605208
P14 1071796233 489857176
P15 1087121103 2004234991
P16 16601210299 13373103559
P0 1322745751 1516510914
P1 1302166260 446462938
P2 1660512258 1102841552
P3 0 0
P4 1328890706 1765994265
P5 124450494 176536357
P6 0 0
P7 357945224 945882825
P8 1226555512 2573942889
P9 0 0
P10 2046051552 1870141028
P11 870531381 505415617
P12 1307479608 1099800196
P13 703533147 654605208
P14 1071796233 489857176
P15 1087121103 2004234991
P16 16601210299 13373103559
2
123
0 0
49
132
718882919 708923964
49
1
148
107
0
0
49
0
49
3
0 0
0 0
1021653357 1967324113
P0 1464712634 2036693054
P1 1302166260 446462938
P2 1660512258 1102841552
P3 0 0
P4 1328890706 1765994265
P5 124450494 176536357
P6 0 0
P7 357945224 945882825
P8 1226555512 2573942889
P9 0 0
P10 2046051552 1870141028
P11 870531381 505415617
P12 1307479608 1099800196
P13 703533147 654605208
P14 1071796233 489857176
P15 1021653357 1967324113
P16 18342959641 14935786807
P0 1464712634 2036693054
P1 1302166260 446462938
P2 1660512258 1102841552
P3 0 0
P4 1328890706 1765994265
P5 124450494 176536357
P6 0 0
P7 357945224 945882825
P8 1226555512 2573942889
P9 0 0
P10 2046051552 1870141028
P11 870531381 505415617
P12 1307479608 1099800196
P13 703533147 654605208
P14 1071796233 489857176
P15 1021653357 1967324113
P16 18342959641 14935786807
0
1071796233 489857176
48
149
46
0 0
P0 1464712634 2036693054
P1 1302166260 446462938
P2 1660512258 1102841552
P3 0 0
P4 1328890706 1765994265
P5 124450494 176536357
P6 0 0
P7 357945224 945882825
P8 1992286420 2880069014
P9 0 0
P10 2046051552 1870141028
P11 81558261 322835695
P12 1307479608 1099800196
P13 703533147 654605208
P14 1071796233 489857176
P15 1021653357 1967324113
P16 18342959641 14935786807
957591772 1456264622
0
0
P0 1464712634 2036693054
P1 1302166260 446462938
P2 1660512258 1102841552
P3 0 0
P4 1328890706 1765994265
P5 124450494 176536357
P6 0 0
P7 357945224 945882825
P8 1992286420 2880069014
P9 0 0
P10 2046051552 1870141028
P11 81558261 322835695
P12 1307479608 1099800196
P13 703533147 654605208
P14 1071796233 489857176
P15 1021653357 1967324113
P16 18388310325 15128788298
50
0
0 0
0
130
47
726872882 294244070
0
0
357945224 945882825
141966883 520182140
0 0
133
P0 1464712634 2036693054
P1 1302166260 446462938
P2 1660512258 1102841552
P3 0 0
P4 1328890706 1765994265
P5 291886980 287100597
P6 0 0
P7 357945224 945882825
P8 1992286420 2880069014
P9 0 0
P10 2046051552 1870141028
P11 81558261 322835695
P12 1307479608 1099800196
P13 1364360562 1577926984
P14 1071796233 489857176
P15 1585067453 2604516299
P16 19071282713 15294904907
148
47
257567943 376754344
P0 1464712634 2036693054
P1 1302166260 446462938
P2 2218569909 1279106563
P3 0 0
P4 808518205 1622254797
P5 291886980 287100597
P6 0 0
P7 357945224 945882825
P8 1582997435 2754210148
P9 0 0
P10 2046051552 1870141028
P11 81558261 322835695
P12 1307479608 1099800196
P13 1364360562 1577926984
P14 1071796233 489857176
P15 1585067453 2604516299
P16 18934355844 14483279427
49
0
13
P0 1464712634 2036693054
P1 1302166260 446462938
P2 2218569909 1279106563
P3 0 0
P4 808518205 1622254797
P5 291886980 287100597
P6 0 0
P7 357945224 945882825
P8 1582997435 2754210148
P9 0 0
P10 2046051552 1870141028
P11 81558261 322835695
P12 1307479608 1099800196
P13 1364360562 1577926984
P14 1071796233 489857176
P15 1585067453 2604516299
P16 18265145771 14191558617
P0 1464712634 2036693054
P1 1302166260 446462938
P2 2218569909 1279106563
P3 0 0
P4 808518205 1622254797
P5 291886980 287100597
P6 0 0
P7 357945224 945882825
P8 1582997435 2754210148
P9 0 0
P10 2046051552 1870141028
P11 81558261 322835695
P12 1307479608 1099800196
P13 1364360562 1577926984
P14 1071796233 489857176
P15 1585067453 2604516299
P16 18265145771 14191558617
1
573650540 926437962
48
50
P0 1464712634 2036693054
P1 1302166260 446462938
P2 2218569909 1279106563
P3 0 0
P4 808518205 1622254797
P5 291886980 287100597
P6 0 0
P7 357945224 945882825
P8 1582997435 2754210148
P9 0 0
P10 2683441133 1936051367
P11 81558261 322835695
P12 1307479608 1099800196
P13 1364360562 1577926984
P14 1071796233 489857176
P15 1585067453 2604516299
P16 18797374017 14509926194
P0 1464712634 2036693054
P1 1302166260 446462938
P2 2218569909 1279106563
P3 0 0
P4 808518205 1622254797
P5 291886980 287100597
P6 0 0
P7 357945224 945882825
P8 1582997435 2754210148
P9 0 0
P10 2683441133 1936051367
P11 81558261 322835695
P12 1307479608 1099800196
P13 1364360562 1577926984
P14 1071796233 489857176
P15 1585067453 2604516299
P16 18797374017 14509926194
0
0
141
0 0
718882919 708923964
46
46
46
148
291241658 175788559
52
P0 1464712634 2036693054
P1 1302166260 446462938
P2 2218569909 1279106563
P3 0 0
P4 808518205 1622254797
P5 291886980 287100597
P6 0 0
P7 357945224 945882825
P8 1582997435 2754210148
P9 0 0
P10 2683441133 1936051367
P11 81558261 322835695
P12 1691297569 1345519574
P13 1364360562 1577926984
P14 1071796233 489857176
P15 1585067453 2604516299
P16 20647444465 15408978250
0
2218569909 1279106563
53
46
188171185 36867481
8
134
P0 1464712634 2036693054
P1 1302166260 446462938
P2 2218569909 1279106563
P3 0 0
P4 808518205 1622254797
P5 291886980 287100597
P6 0 0
P7 357945224 945882825
P8 1582997435 2754210148
P9 0 0
P10 2683441133 1936051367
P11 81558261 322835695
P12 1691297569 1345519574
P13 1364360562 1577926984
P14 1071796233 489857176
P15 1585067453 2604516299
P16 20647444465 15408978250
53
0
P0 1464712634 2036693054
P1 1302166260 446462938
P2 2218569909 1279106563
P3 0 0
P4 808518205 1622254797
P5 291886980 287100597
P6 0 0
P7 357945224 945882825
P8 1582997435 2754210148
P9 0 0
P10 3462083406 2122754420
P11 81558261 322835695
P12 1691297569 1345519574
P13 1364360562 1577926984
P14 1071796233 489857176
P15 1585067453 2604516299
P16 20647444465 15408978250
149
135
0 0
1582997435 2754210148
46
863855488 529860525
P0 1464712634 2036693054
P1 1302166260 446462938
P2 2218569909 1279106563
P3 0 0
P4 808518205 1622254797
P5 291886980 287100597
P6 0 0
P7 357945224 945882825
P8 1582997435 2754210148
P9 0 0
P10 3462083406 2122754420
P11 81558261 322835695
P12 1691297569 1345519574
P13 1364360562 1577926984
P14 1071796233 489857176
P15 1585067453 2604516299
P16 20120392407 14737491859
P0 1464712634 2036693054
P1 1302166260 446462938
P2 2218569909 1279106563
P3 0 0
P4 808518205 1622254797
P5 291886980 287100597
P6 0 0
P7 357945224 945882825
P8 1582997435 2754210148
P9 0 0
P10 3462083406 2122754420
P11 81558261 322835695
P12 1691297569 1345519574
P13 1364360562 1577926984
P14 1071796233 489857176
P15 1585067453 2604516299
P16 20120392407 14737491859
0
53
0
P0 1464712634 2036693054
P1 1302166260 446462938
P2 2218569909 1279106563
P3 0 0
P4 808518205 1622254797
P5 291886980 287100597
P6 0 0
P7 357945224 945882825
P8 1582997435 2754210148
P9 0 0
P10 3758875035 2728191370
P11 81558261 322835695
P12 1691297569 1345519574
P13 1364360562 1577926984
P14 1071796233 489857176
P15 1251041270 2035717338
P16 20120392407 14737491859
53
20
46
P0 1464712634 2036693054
P1 1302166260 446462938
P2 2218569909 1279106563
P3 0 0
P4 808518205 1622254797
P5 291886980 287100597
P6 0 0
P7 357945224 945882825
P8 1582997435 2754210148
P9 0 0
P10 3758875035 2728191370
P11 81558261 322835695
P12 1691297569 1345519574
P13 1364360562 1577926984
P14 1071796233 489857176
P15 1251041270 2035717338
P16 20120392407 14737491859
3758875035 2728191370
47
P0 1464712634 2036693054
P1 1302166260 446462938
P2 2218569909 1279106563
P3 0 0
P4 808518205 1622254797
P5 463766273 443720852
P6 0 0
P7 357945224 945882825
P8 1582997435 2754210148
P9 0 0
P10 3758875035 2728191370
P11 81558261 322835695
P12 1691297569 1345519574
P13 1364360562 1577926984
P14 1071796233 489857176
P15 1251041270 2035717338
P16 19955327084 14364458344
54
136
