0 0
35
688987 372453
89
35
35
35
26
P0 1926743 1108115
P1 857554 45937
P2 37807042 38010135
P0 1926743 1108115
P1 857554 45937
P2 36919712 36798256
P0 1926743 1108115
P1 857554 45937
P2 37887059 36965604
P0 1926743 1108115
P1 857554 45937
P2 38813197 37300032
36
82
P0 1926743 1108115
P1 857554 45937
P2 39155382 37752132
0
36
36
550283 1648912
51421 600878
26
0
27
P0 2527704 1946692
P1 857554 45937
P2 38680048 38154500
P0 2527704 1946692
P1 857554 45937
P2 38680048 38154500
4
35
305732 185869
61
27
0 0
967347 167348
34
34
88
83
409938 120235
2
29
P0 2527704 1946692
P1 857554 45937
P2 39483448 39438396
P0 2527704 1946692
P1 857554 45937
P2 39483448 39438396
P0 2527704 1946692
P1 857554 45937
P2 39483448 39438396
0
10094070 9647044
76
0
2
P0 2527704 1946692
P1 857554 45937
P2 39483448 39438396
0
P0 2527704 1946692
P1 857554 45937
P2 39483448 39438396
13
3
0
P0 2527704 1946692
P1 857554 45937
P2 40891991 40255475
0 0
732108 1441396
70
9
0
28351262 26594405
27
0
77
P0 2527704 1946692
P1 857554 45937
P2 42641083 40299079
5
P0 2527704 1946692
P1 857554 45937
P2 43247737 41136459
P0 2527704 1946692
P1 857554 45937
P2 43247737 41136459
0 0
1900875 1012000
2527704 1946692
71
13
29
0
0 0
0
87
37
2754426 2905822
29
1482543 1119577
90
0
P0 2527704 1946692
P1 857554 45937
P2 45007708 42952124
P0 2527704 1946692
P1 857554 45937
P2 45548687 43288303
253444 344052
P0 2527704 1946692
P1 857554 45937
P2 45548687 43288303
0
0 0
P0 2498445 366521
P1 857554 45937
P2 45398029 41453457
11
53073 120941
17
81
P0 2498445 366521
P1 857554 45937
P2 45398029 41453457
1538390 1045960
P0 2498445 366521
P1 857554 45937
P2 46657391 42198710
9
0
P0 2498445 366521
P1 857554 45937
P2 48096332 43457958
0
24
23
8
P0 2498445 366521
P1 857554 45937
P2 48673389 43399857
87
73
23
P0 2498445 366521
P1 857554 45937
P2 47615572 43107523
0 0
P0 2498445 366521
P1 857554 45937
P2 48619800 45152280
0
P0 2498445 366521
P1 857554 45937
P2 48619800 45152280
5
0
80
P0 2498445 366521
P1 857554 45937
P2 49702212 46208943
91
P0 2498445 366521
P1 857554 45937
P2 49702212 46208943
0
550283 1648912
0
0
950330 510110
48
P0 1845919 49028
P1 857554 45937
P2 49958620 46700587
79
47
24
24
1594592 998875
P0 1845919 49028
P1 857554 45937
P2 49958620 46700587
89
2125339 2681891
0
1406912 1555403
47
P0 1845919 49028
P1 857554 45937
P2 49958620 46700587
0
25
P0 1845919 49028
P1 857554 45937
P2 50178830 47593924
46
0
2
2754426 2905822
0
8
66
0
17
P0 1845919 49028
P1 857554 45937
P2 48775106 46090188
801527 953026
P0 1845919 49028
P1 857554 45937
P2 48775106 46090188
46
0
79
25
46
46
84
7
25
25
0 0
0
25
0
47
0
0
P0 1845919 49028
P1 857554 45937
P2 50246534 46532670
46
1559606 1773928
90
17
27
27
3
2749978 1698630
1151629 896411
47
403408 10278
P0 1845919 49028
P1 857554 45937
P2 52172177 48287610
26
0
49
P0 1845919 49028
P1 857554 45937
P2 54469371 49089310
0
P0 1845919 49028
P1 857554 45937
P2 55448224 49495698
P0 1845919 49028
P1 857554 45937
P2 55448224 49495698
P0 1845919 49028
P1 857554 45937
P2 55448224 49495698
89
24
P0 1845919 49028
P1 857554 45937
P2 55448224 49495698
0
89
52
24
0
75
P0 1845919 49028
P1 857554 45937
P2 54682998 48529731
P0 1845919 49028
P1 857554 45937
P2 54682998 48529731
0
1151629 896411
2
35382609 31641483
24
24
0
19
4780320 4102280
P0 2765039 380500
P1 857554 45937
P2 58685292 51868334
25
0
53
P0 2765039 380500
P1 857554 45937
P2 58685292 51868334
2
0
24
54
62197268 51800658
P0 2765039 380500
P1 857554 45937
P2 58574675 51374221
P0 2765039 380500
P1 857554 45937
P2 58574675 51374221
89
P0 2765039 380500
P1 857554 45937
P2 58574675 51374221
P0 2765039 380500
P1 857554 45937
P2 57350087 51009214
486315 1369758
P0 2765039 380500
P1 857554 45937
P2 58215283 53018821
P0 2765039 380500
P1 857554 45937
P2 58215283 53018821
2335030 2240682
P0 2765039 380500
P1 857554 45937
P2 58082420 52877773
P0 2765039 380500
P1 857554 45937
P2 58082420 52877773
26
624273 859910
1
54
0
85
P0 2765039 380500
P1 857554 45937
P2 59732486 53725810
74
P0 2765039 380500
P1 857554 45937
P2 58127167 52371124
P0 2765039 380500
P1 857554 45937
P2 58127167 52371124
