27
43
27
P0 604701 821517
P1 37665 34952
P2 829925 430925
P3 772650 58454
P4 512862 1955200
P5 3717263 2833541
P6 2595748 2443089
P7 1712839 1758548
P8 12445259 10592330
772650 58454
P0 604701 821517
P1 37665 34952
P2 829925 430925
P3 772650 58454
P4 512862 1955200
P5 3717263 2833541
P6 2595748 2443089
P7 1712839 1758548
P8 12445259 10592330
44
P0 604701 821517
P1 37665 34952
P2 829925 430925
P3 772650 58454
P4 512862 1955200
P5 3717263 2833541
P6 2595748 2443089
P7 1712839 1758548
P8 12445259 10592330
0
44
11
P0 604701 821517
P1 37665 34952
P2 829925 430925
P3 772650 58454
P4 512862 1955200
P5 3717263 2833541
P6 2595748 2443089
P7 2584779 2729071
P8 11449726 10424425
512862 1955200
P0 604701 821517
P1 37665 34952
P2 829925 430925
P3 772650 58454
P4 512862 1955200
P5 3717263 2833541
P6 2595748 2443089
P7 2584779 2729071
P8 10877844 9131150
0
26
0 0
11
1
919214 981627
45
78
0
858041 758645
25
75
0 0
6
0
72
23
0
1726738 1970426
0
0
74
23
0
P0 604701 821517
P1 37665 34952
P2 1029594 994021
P3 772650 58454
P4 512862 1955200
P5 3691214 2775907
P6 3190286 2569642
P7 2584779 2729071
P8 11003308 9403672
315848 734885
23
0
P0 604701 821517
P1 37665 34952
P2 1029594 994021
P3 772650 58454
P4 512862 1955200
P5 3691214 2775907
P6 3190286 2569642
P7 2584779 2729071
P8 11003308 9403672
47
0
10
2
3275060 2537059
1029594 994021
3275060 2537059
0
32
0 0
0
9
