127
0
101
0 0
0
0 0
985553054 329565112
759
0 0
P0 0 0
P1 0 0
P2 0 0
P3 0 0
P4 1487743555 1047485734
P5 0 0
P6 0 0
P7 973397207 522004259
P8 2319820265 2056163040
P9 1493212368 1075752224
P10 579871176 1256717460
P11 0 0
P12 61291403 592581234
P13 94708925 667247027
P14 1376918985 522122863
P15 952518288 293432655
P16 0 0
P17 0 0
P18 329048971 440499878
P19 2079884230 2026203538
P20 887948566 1599866214
P21 457752157 227624603
P22 560726992 586556489
P23 361483745 349044243
P24 0 0
P25 1287424191 679409375
P26 2473209306 1369393854
P27 1520801404 364561652
P28 1854067624 497037915
P29 2336460983 3133775119
P30 1356690940 1024738165
P31 2325902142 2388037209
P32 1673734037 1516279053
P33 26938252880 25452938837
0
131
44
0 0
736
4
0 0
0 0
0 0
801
137
97
97
0 0
0 0
137
0 0
2
266794860 30723548
0
24
139
P0 0 0
P1 0 0
P2 0 0
P3 0 0
P4 1487743555 1047485734
P5 0 0
P6 0 0
P7 973397207 522004259
P8 2319820265 2056163040
P9 2465148116 1226649102
P10 579871176 1256717460
P11 0 0
P12 61291403 592581234
P13 94708925 667247027
P14 1376918985 522122863
P15 952518288 293432655
P16 0 0
P17 0 0
P18 329048971 440499878
P19 2079884230 2026203538
P20 887948566 1599866214
P21 457752157 227624603
P22 560726992 586556489
P23 361483745 349044243
P24 0 0
P25 1927381202 1385793784
P26 2473209306 1369393854
P27 1520801404 364561652
P28 1169632066 344704447
P29 2538590342 3877879029
P30 1356690940 1024738165
P31 2325902142 2388037209
P32 1673734037 1516279053
P33 28896583008 26316483168
0
806
3
P0 0 0
P1 0 0
P2 0 0
P3 0 0
P4 1487743555 1047485734
P5 0 0
P6 0 0
P7 973397207 522004259
P8 2319820265 2056163040
P9 2465148116 1226649102
P10 579871176 1256717460
P11 0 0
P12 61291403 592581234
P13 94708925 667247027
P14 1376918985 522122863
P15 952518288 293432655
P16 0 0
P17 0 0
P18 329048971 440499878
P19 2079884230 2026203538
P20 887948566 1599866214
P21 457752157 227624603
P22 560726992 586556489
P23 361483745 349044243
P24 206798315 537798292
P25 1927381202 1385793784
P26 2473209306 1369393854
P27 1520801404 364561652
P28 1169632066 344704447
P29 2538590342 3877879029
P30 1356690940 1024738165
P31 2325902142 2388037209
P32 1673734037 1516279053
P33 28896583008 26316483168
7
P0 0 0
P1 0 0
P2 0 0
P3 0 0
P4 1487743555 1047485734
P5 0 0
P6 0 0
P7 973397207 522004259
P8 2319820265 2056163040
P9 2465148116 1226649102
P10 579871176 1256717460
P11 0 0
P12 61291403 592581234
P13 94708925 667247027
P14 1376918985 522122863
P15 952518288 293432655
P16 0 0
P17 0 0
P18 329048971 440499878
P19 2079884230 2026203538
P20 887948566 1599866214
P21 457752157 227624603
P22 560726992 586556489
P23 361483745 349044243
P24 206798315 537798292
P25 1927381202 1385793784
P26 2473209306 1369393854
P27 1520801404 364561652
P28 1169632066 344704447
P29 2538590342 3877879029
P30 1356690940 1024738165
P31 2325902142 2388037209
P32 1673734037 1516279053
P33 28896583008 26316483168
0 0
85
101
0 0
822
139
0
2
0 0
0 0
0
44
23
101
0
101
801
101
P0 0 0
P1 0 0
P2 0 0
P3 0 0
P4 1487743555 1047485734
P5 0 0
P6 0 0
P7 973397207 522004259
P8 2319820265 2056163040
P9 2465148116 1226649102
P10 579871176 1256717460
P11 0 0
P12 61291403 592581234
P13 94708925 667247027
P14 1376918985 522122863
P15 952518288 293432655
P16 0 0
P17 0 0
P18 329048971 440499878
P19 2079884230 2026203538
P20 887948566 1599866214
P21 457752157 227624603
P22 560726992 586556489
P23 361483745 349044243
P24 206798315 537798292
P25 1927381202 1385793784
P26 2473209306 1369393854
P27 1520801404 364561652
P28 1610061773 457884289
P29 2538590342 3877879029
P30 1834131639 1546844127
P31 2325902142 2388037209
P32 1673734037 1516279053
P33 28896583008 26316483168
101
0
0 0
102
0
0
P0 0 0
P1 0 0
P2 0 0
P3 0 0
P4 1487743555 1047485734
P5 0 0
P6 0 0
P7 973397207 522004259
P8 2319820265 2056163040
P9 2465148116 1226649102
P10 579871176 1256717460
P11 0 0
P12 61291403 592581234
P13 94708925 667247027
P14 1376918985 522122863
P15 952518288 293432655
P16 0 0
P17 0 0
P18 452079460 1011943469
P19 2079884230 2026203538
P20 887948566 1599866214
P21 457752157 227624603
P22 560726992 586556489
P23 361483745 349044243
P24 206798315 537798292
P25 1927381202 1385793784
P26 2473209306 1369393854
P27 1520801404 364561652
P28 1610061773 457884289
P29 2538590342 3877879029
P30 1834131639 1546844127
P31 2325902142 2388037209
P32 1673734037 1516279053
P33 30213416548 27788208708
738
103
142
103
P0 0 0
P1 0 0
P2 0 0
P3 0 0
P4 1487743555 1047485734
P5 0 0
P6 0 0
P7 973397207 522004259
P8 2319820265 2056163040
P9 2465148116 1226649102
P10 579871176 1256717460
P11 0 0
P12 61291403 592581234
P13 94708925 667247027
P14 1376918985 522122863
P15 952518288 293432655
P16 0 0
P17 0 0
P18 452079460 1011943469
P19 2079884230 2026203538
P20 887948566 1599866214
P21 457752157 227624603
P22 560726992 586556489
P23 361483745 349044243
P24 206798315 537798292
P25 1927381202 1385793784
P26 2473209306 1369393854
P27 1520801404 364561652
P28 1610061773 457884289
P29 2538590342 3877879029
P30 1834131639 1546844127
P31 2325902142 2388037209
P32 1673734037 1516279053
P33 31004628371 27894779249
P0 0 0
P1 0 0
P2 0 0
P3 0 0
P4 1487743555 1047485734
P5 0 0
P6 0 0
P7 973397207 522004259
P8 2319820265 2056163040
P9 2465148116 1226649102
P10 579871176 1256717460
P11 0 0
P12 61291403 592581234
P13 94708925 667247027
P14 1376918985 522122863
P15 952518288 293432655
P16 0 0
P17 0 0
P18 452079460 1011943469
P19 2079884230 2026203538
P20 887948566 1599866214
P21 457752157 227624603
P22 560726992 586556489
P23 361483745 349044243
P24 206798315 537798292
P25 1927381202 1385793784
P26 2473209306 1369393854
P27 1520801404 364561652
P28 1610061773 457884289
P29 2538590342 3877879029
P30 1834131639 1546844127
P31 2325902142 2388037209
P32 1673734037 1516279053
P33 31004628371 27894779249
0 0
0
0 0
0 0
0
682
103
103
103
0
105
105
0 0
145
0
13
0 0
0
26
107
107
0 0
109
0
40
1301376831 778380268
798
P0 0 0
P1 0 0
P2 0 0
P3 0 0
P4 1487743555 1047485734
P5 0 0
P6 0 0
P7 973397207 522004259
P8 2319820265 2056163040
P9 2465148116 1226649102
P10 924950888 2175474958
P11 0 0
P12 61291403 592581234
P13 94708925 667247027
P14 1376918985 522122863
P15 952518288 293432655
P16 0 0
P17 0 0
P18 452079460 1011943469
P19 2079884230 2026203538
P20 887948566 1599866214
P21 959606297 575509786
P22 560726992 586556489
P23 361483745 349044243
P24 206798315 537798292
P25 1927381202 1385793784
P26 2473209306 1369393854
P27 1520801404 364561652
P28 1991225306 854263181
P29 2640505549 4433640130
P30 1834131639 1546844127
P31 2325902142 2388037209
P32 1673734037 1516279053
P33 31771678427 28403404243
788
P0 0 0
P1 0 0
P2 0 0
P3 0 0
P4 1487743555 1047485734
P5 0 0
P6 0 0
P7 973397207 522004259
P8 2319820265 2056163040
P9 2465148116 1226649102
P10 924950888 2175474958
P11 0 0
P12 61291403 592581234
P13 94708925 667247027
P14 1376918985 522122863
P15 952518288 293432655
P16 0 0
P17 0 0
P18 452079460 1011943469
P19 2079884230 2026203538
P20 887948566 1599866214
P21 959606297 575509786
P22 560726992 586556489
P23 361483745 349044243
P24 206798315 537798292
P25 1927381202 1385793784
P26 2473209306 1369393854
P27 1520801404 364561652
P28 1991225306 854263181
P29 2640505549 4433640130
P30 1834131639 1546844127
P31 2325902142 2388037209
P32 1673734037 1516279053
P33 31771678427 28403404243
2
0
733
0 0
109
0 0
0
P0 0 0
P1 0 0
P2 0 0
P3 0 0
P4 1487743555 1047485734
P5 0 0
P6 0 0
P7 973397207 522004259
P8 2319820265 2056163040
P9 2465148116 1226649102
P10 924950888 2175474958
P11 0 0
P12 61291403 592581234
P13 94708925 667247027
P14 1376918985 522122863
P15 952518288 293432655
P16 0 0
P17 0 0
P18 452079460 1011943469
P19 2079884230 2026203538
P20 887948566 1599866214
P21 959606297 575509786
P22 560726992 586556489
P23 361483745 349044243
P24 206798315 537798292
P25 1927381202 1385793784
P26 2473209306 1369393854
P27 1520801404 364561652
P28 1991225306 854263181
P29 2640505549 4433640130
P30 1834131639 1546844127
P31 2325902142 2388037209
P32 1673734037 1516279053
P33 31771678427 28403404243
81
P0 0 0
P1 0 0
P2 0 0
P3 0 0
P4 1487743555 1047485734
P5 0 0
P6 0 0
P7 973397207 522004259
P8 2319820265 2056163040
P9 2465148116 1226649102
P10 924950888 2175474958
P11 0 0
P12 61291403 592581234
P13 94708925 667247027
P14 1376918985 522122863
P15 952518288 293432655
P16 0 0
P17 0 0
P18 452079460 1011943469
P19 2079884230 2026203538
P20 887948566 1599866214
P21 959606297 575509786
P22 560726992 586556489
P23 361483745 349044243
P24 206798315 537798292
P25 1927381202 1385793784
P26 2473209306 1369393854
P27 1520801404 364561652
P28 1991225306 854263181
P29 2640505549 4433640130
P30 1834131639 1546844127
P31 2325902142 2388037209
P32 1673734037 1516279053
P33 31771678427 28403404243
0 0
0
0 0
0
789
0
0 0
P0 0 0
P1 0 0
P2 908655263 874036972
P3 0 0
P4 1487743555 1047485734
P5 0 0
P6 0 0
P7 973397207 522004259
P8 2319820265 2056163040
P9 2465148116 1226649102
P10 924950888 2175474958
P11 0 0
P12 61291403 592581234
P13 94708925 667247027
P14 1376918985 522122863
P15 952518288 293432655
P16 0 0
P17 0 0
P18 452079460 1011943469
P19 2079884230 2026203538
P20 887948566 1599866214
P21 959606297 575509786
P22 560726992 586556489
P23 361483745 349044243
P24 206798315 537798292
P25 1927381202 1385793784
P26 2473209306 1369393854
P27 1351842907 272098600
P28 1991225306 854263181
P29 2640505549 4433640130
P30 1834131639 1546844127
P31 2325902142 2388037209
P32 1673734037 1516279053
P33 31771678427 28403404243
0 0
0
0
61291403 592581234
541473423 434606171
0
0
345079712 918757498
0
3
0
P0 0 0
P1 0 0
P2 908655263 874036972
P3 0 0
P4 1487743555 1047485734
P5 0 0
P6 0 0
P7 973397207 522004259
P8 2319820265 2056163040
P9 2465148116 1226649102
P10 924950888 2175474958
P11 0 0
P12 326814435 1592195124
P13 94708925 667247027
P14 1376918985 522122863
P15 952518288 293432655
P16 0 0
P17 0 0
P18 452079460 1011943469
P19 2079884230 2026203538
P20 887948566 1599866214
P21 959606297 575509786
P22 560726992 586556489
P23 361483745 349044243
P24 206798315 537798292
P25 1927381202 1385793784
P26 2473209306 1369393854
P27 1351842907 272098600
P28 1991225306 854263181
P29 3494589505 5284717643
P30 1834131639 1546844127
P31 2325902142 2388037209
P32 1673734037 1516279053
P33 31456715923 28234025572
P0 0 0
P1 0 0
P2 908655263 874036972
P3 0 0
P4 1487743555 1047485734
P5 0 0
P6 0 0
P7 973397207 522004259
P8 2319820265 2056163040
P9 2465148116 1226649102
P10 924950888 2175474958
P11 0 0
P12 326814435 1592195124
P13 94708925 667247027
P14 1376918985 522122863
P15 952518288 293432655
P16 0 0
P17 0 0
P18 452079460 1011943469
P19 2079884230 2026203538
P20 887948566 1599866214
P21 959606297 575509786
P22 560726992 586556489
P23 361483745 349044243
P24 206798315 537798292
P25 1927381202 1385793784
P26 2473209306 1369393854
P27 1351842907 272098600
P28 1991225306 854263181
P29 3494589505 5284717643
P30 1834131639 1546844127
P31 2325902142 2388037209
P32 1673734037 1516279053
P33 31456715923 28234025572
0
0
0
123381400 275334180
P0 0 0
P1 0 0
P2 908655263 874036972
P3 0 0
P4 1487743555 1047485734
P5 0 0
P6 0 0
P7 973397207 522004259
P8 2319820265 2056163040
P9 2465148116 1226649102
P10 924950888 2175474958
P11 0 0
P12 326814435 1592195124
P13 94708925 667247027
P14 1376918985 522122863
P15 952518288 293432655
P16 0 0
P17 0 0
P18 452079460 1011943469
P19 2079884230 2026203538
P20 887948566 1599866214
P21 1584787728 1141649219
P22 560726992 586556489
P23 361483745 349044243
P24 206798315 537798292
P25 1927381202 1385793784
P26 2473209306 1369393854
P27 1351842907 272098600
P28 1991225306 854263181
P29 3494589505 5284717643
P30 1834131639 1546844127
P31 2325902142 2388037209
P32 1673734037 1516279053
P33 31456715923 28234025572
53
768
151
713
111
111
0 0
0
151
345079712 918757498
0 0
415685002 347554414
0
0
89
0
25
151
P0 0 0
P1 0 0
P2 908655263 874036972
P3 0 0
P4 1487743555 1047485734
P5 0 0
P6 0 0
P7 973397207 522004259
P8 2319820265 2056163040
P9 2465148116 1226649102
P10 924950888 2175474958
P11 0 0
P12 326814435 1592195124
P13 94708925 667247027
P14 1376918985 522122863
P15 952518288 293432655
P16 0 0
P17 0 0
P18 452079460 1011943469
P19 2079884230 2026203538
P20 887948566 1599866214
P21 1584787728 1141649219
P22 560726992 586556489
P23 361483745 349044243
P24 206798315 537798292
P25 1927381202 1385793784
P26 2473209306 1369393854
P27 2474259989 1258938680
P28 1991225306 854263181
P29 3494589505 5284717643
P30 1834131639 1546844127
P31 2325902142 2388037209
P32 1673734037 1516279053
P33 32025896351 29042148832
114
0
114
0
P0 0 0
P1 0 0
P2 908655263 874036972
P3 0 0
P4 1487743555 1047485734
P5 0 0
P6 0 0
P7 973397207 522004259
P8 2319820265 2056163040
P9 2465148116 1226649102
P10 924950888 2175474958
P11 0 0
P12 326814435 1592195124
P13 94708925 667247027
P14 1376918985 522122863
P15 1845476407 1177267519
P16 0 0
P17 0 0
P18 452079460 1011943469
P19 2079884230 2026203538
P20 887948566 1599866214
P21 1584787728 1141649219
P22 560726992 586556489
P23 361483745 349044243
P24 206798315 537798292
P25 1927381202 1385793784
P26 2473209306 1369393854
P27 2474259989 1258938680
P28 1991225306 854263181
P29 4262489280 5971502361
P30 1834131639 1546844127
P31 2325902142 2388037209
P32 1673734037 1516279053
P33 32025896351 29042148832
156
0 0
156
806
0
824
747133704 735389540
0 0
0
0 0
0 0
576642289 240868340
114
765
0
0 0
P0 0 0
P1 0 0
P2 908655263 874036972
P3 0 0
P4 1487743555 1047485734
P5 0 0
P6 0 0
P7 973397207 522004259
P8 3137126083 2814300707
P9 2465148116 1226649102
P10 924950888 2175474958
P11 0 0
P12 326814435 1592195124
P13 94708925 667247027
P14 1376918985 522122863
P15 1845476407 1177267519
P16 0 0
P17 0 0
P18 452079460 1011943469
P19 2079884230 2026203538
P20 887948566 1599866214
P21 1584787728 1141649219
P22 311416293 201083870
P23 361483745 349044243
P24 206798315 537798292
P25 1927381202 1385793784
P26 2014867488 843542145
P27 2474259989 1258938680
P28 1991225306 854263181
P29 4262489280 5971502361
P30 2331020013 2488512172
P31 2325902142 2388037209
P32 1673734037 1516279053
P33 32873178993 29792897921
754
P0 0 0
P1 0 0
P2 908655263 874036972
P3 0 0
P4 1487743555 1047485734
P5 0 0
P6 0 0
P7 973397207 522004259
P8 3137126083 2814300707
P9 2465148116 1226649102
P10 924950888 2175474958
P11 0 0
P12 326814435 1592195124
P13 94708925 667247027
P14 1376918985 522122863
P15 1845476407 1177267519
P16 0 0
P17 0 0
P18 452079460 1011943469
P19 2079884230 2026203538
P20 887948566 1599866214
P21 1584787728 1141649219
P22 311416293 201083870
P23 361483745 349044243
P24 206798315 537798292
P25 1927381202 1385793784
P26 2014867488 843542145
P27 2474259989 1258938680
P28 1991225306 854263181
P29 4262489280 5971502361
P30 2331020013 2488512172
P31 2325902142 2388037209
P32 1673734037 1516279053
P33 32873178993 29792897921
P0 0 0
P1 0 0
P2 908655263 874036972
P3 0 0
P4 1487743555 1047485734
P5 0 0
P6 0 0
P7 973397207 522004259
P8 3137126083 2814300707
P9 2465148116 1226649102
P10 924950888 2175474958
P11 0 0
P12 326814435 1592195124
P13 94708925 667247027
P14 1376918985 522122863
P15 1845476407 1177267519
P16 0 0
P17 0 0
P18 452079460 1011943469
P19 2079884230 2026203538
P20 887948566 1599866214
P21 1584787728 1141649219
P22 311416293 201083870
P23 361483745 349044243
P24 206798315 537798292
P25 1927381202 1385793784
P26 2014867488 843542145
P27 2474259989 1258938680
P28 1991225306 854263181
P29 4262489280 5971502361
P30 2331020013 2488512172
P31 2325902142 2388037209
P32 1673734037 1516279053
P33 32873178993 29792897921
158
158
55
0
P0 0 0
P1 0 0
P2 908655263 874036972
P3 0 0
P4 1487743555 1047485734
P5 0 0
P6 0 0
P7 973397207 522004259
P8 3137126083 2814300707
P9 2465148116 1226649102
P10 924950888 2175474958
P11 0 0
P12 326814435 1592195124
P13 94708925 667247027
P14 1376918985 522122863
P15 1845476407 1177267519
P16 0 0
P17 0 0
P18 452079460 1011943469
P19 2079884230 2026203538
P20 887948566 1599866214
P21 1584787728 1141649219
P22 311416293 201083870
P23 361483745 349044243
P24 206798315 537798292
P25 1927381202 1385793784
P26 2014867488 843542145
P27 2474259989 1258938680
P28 1991225306 854263181
P29 4262489280 5971502361
P30 2331020013 2488512172
P31 2325902142 2388037209
P32 1673734037 1516279053
P33 32873178993 29792897921
122298769 247222177
0 0
0 0
0 0
142400474 747245164
2
P0 0 0
P1 0 0
P2 908655263 874036972
P3 0 0
P4 1487743555 1047485734
P5 0 0
P6 0 0
P7 973397207 522004259
P8 3137126083 2814300707
P9 2465148116 1226649102
P10 924950888 2175474958
P11 0 0
P12 326814435 1592195124
P13 94708925 667247027
P14 1376918985 522122863
P15 1845476407 1177267519
P16 0 0
P17 0 0
P18 452079460 1011943469
P19 2079884230 2026203538
P20 887948566 1599866214
P21 1584787728 1141649219
P22 311416293 201083870
P23 361483745 349044243
P24 206798315 537798292
P25 1927381202 1385793784
P26 2014867488 843542145
P27 2474259989 1258938680
P28 1991225306 854263181
P29 4262489280 5971502361
P30 2331020013 2488512172
P31 2325902142 2388037209
P32 1673734037 1516279053
P33 32748417411 29632228674
0 0
772
P0 0 0
P1 0 0
P2 908655263 874036972
P3 0 0
P4 1487743555 1047485734
P5 0 0
P6 0 0
P7 973397207 522004259
P8 3137126083 2814300707
P9 2465148116 1226649102
P10 924950888 2175474958
P11 0 0
P12 326814435 1592195124
P13 94708925 667247027
P14 1376918985 522122863
P15 1845476407 1177267519
P16 0 0
P17 0 0
P18 452079460 1011943469
P19 2079884230 2026203538
P20 887948566 1599866214
P21 1584787728 1141649219
P22 311416293 201083870
P23 361483745 349044243
P24 206798315 537798292
P25 1927381202 1385793784
P26 2014867488 843542145
P27 2474259989 1258938680
P28 1991225306 854263181
P29 4262489280 5971502361
P30 2331020013 2488512172
P31 2325902142 2388037209
P32 1673734037 1516279053
P33 32764036486 30392072630
769
158
P0 0 0
P1 0 0
P2 908655263 874036972
P3 0 0
P4 1487743555 1047485734
P5 0 0
P6 0 0
P7 973397207 522004259
P8 3137126083 2814300707
P9 2465148116 1226649102
P10 924950888 2175474958
P11 0 0
P12 326814435 1592195124
P13 94708925 667247027
P14 1376918985 522122863
P15 1845476407 1177267519
P16 0 0
P17 0 0
P18 452079460 1011943469
P19 2079884230 2026203538
P20 887948566 1599866214
P21 1584787728 1141649219
P22 311416293 201083870
P23 361483745 349044243
P24 206798315 537798292
P25 1927381202 1385793784
P26 2014867488 843542145
P27 2474259989 1258938680
P28 1991225306 854263181
P29 4262489280 5971502361
P30 2331020013 2488512172
P31 2325902142 2388037209
P32 1673734037 1516279053
P33 32764036486 30392072630
158
P0 0 0
P1 0 0
P2 908655263 874036972
P3 0 0
P4 1487743555 1047485734
P5 0 0
P6 0 0
P7 973397207 522004259
P8 3137126083 2814300707
P9 2465148116 1226649102
P10 924950888 2175474958
P11 0 0
P12 326814435 1592195124
P13 94708925 667247027
P14 1376918985 522122863
P15 1845476407 1177267519
P16 0 0
P17 0 0
P18 452079460 1011943469
P19 2079884230 2026203538
P20 887948566 1599866214
P21 1584787728 1141649219
P22 311416293 201083870
P23 361483745 349044243
P24 206798315 537798292
P25 1927381202 1385793784
P26 2014867488 843542145
P27 2474259989 1258938680
P28 1991225306 854263181
P29 4262489280 5971502361
P30 2331020013 2488512172
P31 2325902142 2388037209
P32 1673734037 1516279053
P33 32764036486 30392072630
828096968 738198209
160
0
0
736
775547985 751456949
85
726
0 0
166
0
0 0
0 0
28
165
1845476407 1177267519
165
60
371301511 239833563
0
727
0
557628701 360250829
165
P0 0 0
P1 0 0
P2 908655263 874036972
P3 0 0
P4 1487743555 1047485734
P5 0 0
P6 0 0
P7 973397207 522004259
P8 3137126083 2814300707
P9 2465148116 1226649102
P10 924950888 2175474958
P11 0 0
P12 326814435 1592195124
P13 94708925 667247027
P14 1376918985 522122863
P15 1845476407 1177267519
P16 0 0
P17 0 0
P18 452079460 1011943469
P19 2079884230 2026203538
P20 887948566 1599866214
P21 1584787728 1141649219
P22 311416293 201083870
P23 361483745 349044243
P24 1152024706 726271686
P25 1927381202 1385793784
P26 2014867488 843542145
P27 2474259989 1258938680
P28 1991225306 854263181
P29 4262489280 5971502361
P30 2331020013 2488512172
P31 2325902142 2388037209
P32 1673734037 1516279053
P33 36146541705 32530835645
111
80
P0 0 0
P1 0 0
P2 908655263 874036972
P3 0 0
P4 1487743555 1047485734
P5 0 0
P6 0 0
P7 973397207 522004259
P8 3137126083 2814300707
P9 2465148116 1226649102
P10 924950888 2175474958
P11 0 0
P12 326814435 1592195124
P13 94708925 667247027
P14 1376918985 522122863
P15 1845476407 1177267519
P16 0 0
P17 0 0
P18 452079460 1011943469
P19 2079884230 2026203538
P20 887948566 1599866214
P21 1584787728 1141649219
P22 311416293 201083870
P23 361483745 349044243
P24 1152024706 726271686
P25 1927381202 1385793784
P26 2014867488 843542145
P27 2474259989 1258938680
P28 1991225306 854263181
P29 4262489280 5971502361
P30 2331020013 2488512172
P31 2325902142 2388037209
P32 1673734037 1516279053
P33 36146541705 32530835645
20
165
0
165
0
0
169
169
131
978757605 869338229
111
3
0
0 0
79
741
0
169
0 0
169
28
814
6
0
710
0
2
P0 0 0
P1 0 0
P2 908655263 874036972
P3 0 0
P4 1487743555 1047485734
P5 0 0
P6 384336459 437609073
P7 973397207 522004259
P8 3137126083 2814300707
P9 2465148116 1226649102
P10 924950888 2175474958
P11 0 0
P12 326814435 1592195124
P13 94708925 667247027
P14 1376918985 522122863
P15 1845476407 1177267519
P16 0 0
P17 0 0
P18 452079460 1011943469
P19 2079884230 2026203538
P20 887948566 1599866214
P21 1584787728 1141649219
P22 311416293 201083870
P23 361483745 349044243
P24 1152024706 726271686
P25 1927381202 1385793784
P26 2014867488 843542145
P27 2474259989 1258938680
P28 2395476800 1190527378
P29 5579080561 6641021537
P30 2331020013 2488512172
P31 3911531840 3590193813
P32 1673734037 1516279053
P33 36113937229 32620500051
772
0 0
0
62
2331020013 2488512172
1
173
P0 0 0
P1 0 0
P2 908655263 874036972
P3 0 0
P4 1487743555 1047485734
P5 0 0
P6 384336459 437609073
P7 973397207 522004259
P8 3137126083 2814300707
P9 2465148116 1226649102
P10 924950888 2175474958
P11 0 0
P12 326814435 1592195124
P13 94708925 667247027
P14 1376918985 522122863
P15 1845476407 1177267519
P16 0 0
P17 0 0
P18 452079460 1011943469
P19 2079884230 2026203538
P20 887948566 1599866214
P21 1584787728 1141649219
P22 311416293 201083870
P23 361483745 349044243
P24 1152024706 726271686
P25 1927381202 1385793784
P26 2014867488 843542145
P27 2474259989 1258938680
P28 2395476800 1190527378
P29 5579080561 6641021537
P30 2331020013 2488512172
P31 3911531840 3590193813
P32 1673734037 1516279053
P33 36430197111 33331745906
765
P0 0 0
P1 0 0
P2 908655263 874036972
P3 676217685 76189788
P4 1487743555 1047485734
P5 0 0
P6 384336459 437609073
P7 973397207 522004259
P8 3137126083 2814300707
P9 2465148116 1226649102
P10 924950888 2175474958
P11 0 0
P12 326814435 1592195124
P13 94708925 667247027
P14 1376918985 522122863
P15 1845476407 1177267519
P16 0 0
P17 0 0
P18 452079460 1011943469
P19 2079884230 2026203538
P20 887948566 1599866214
P21 1584787728 1141649219
P22 311416293 201083870
P23 361483745 349044243
P24 1152024706 726271686
P25 1927381202 1385793784
P26 2014867488 843542145
P27 2474259989 1258938680
P28 2395476800 1190527378
P29 5579080561 6641021537
P30 2331020013 2488512172
P31 3911531840 3590193813
P32 1673734037 1516279053
P33 37092859505 33334475849
985553054 329565112
70
59
180
0 0
0
180
0 0
0
182
P0 0 0
P1 0 0
P2 908655263 874036972
P3 676217685 76189788
P4 1487743555 1047485734
P5 0 0
P6 384336459 437609073
P7 973397207 522004259
P8 3137126083 2814300707
P9 2465148116 1226649102
P10 924950888 2175474958
P11 0 0
P12 326814435 1592195124
P13 94708925 667247027
P14 1376918985 522122863
P15 1845476407 1177267519
P16 0 0
P17 0 0
P18 452079460 1011943469
P19 2079884230 2026203538
P20 946527902 1957772410
P21 1584787728 1141649219
P22 311416293 201083870
P23 361483745 349044243
P24 1152024706 726271686
P25 1927381202 1385793784
P26 2014867488 843542145
P27 2474259989 1258938680
P28 2395476800 1190527378
P29 6406417025 7495119553
P30 2331020013 2488512172
P31 3911531840 3590193813
P32 2188966015 2026066464
P33 38310689995 34044152029
0 0
0
1
182
0 0
63
0 0
0 0
1
0 0
25
0 0
765
0 0
0 0
118
118
0 0
0
0 0
118
0
0 0
0 0
0 0
25
0
0 0
0
0 0
0
0
118
0
118
118
0
29
118
0
13
0
64
7
187
0
9
178
49
119
100069293 199501926
119
146
824
12
85
121
0
36771007 96553878
175
P0 0 0
P1 0 0
P2 908655263 874036972
P3 676217685 76189788
P4 1487743555 1047485734
P5 0 0
P6 384336459 437609073
P7 973397207 522004259
P8 3137126083 2814300707
P9 3412575194 2007815629
P10 2229965280 3424309982
P11 0 0
P12 326814435 1592195124
P13 94708925 667247027
P14 1927591889 1359095816
P15 1845476407 1177267519
P16 0 0
P17 0 0
P18 452079460 1011943469
P19 2079884230 2026203538
P20 946527902 1957772410
P21 1584787728 1141649219
P22 311416293 201083870
P23 361483745 349044243
P24 1152024706 726271686
P25 2217026008 1829727565
P26 2014867488 843542145
P27 2474259989 1258938680
P28 2395476800 1190527378
P29 6406417025 7495119553
P30 2528632282 2725864502
P31 3911531840 3590193813
P32 2188966015 2026066464
P33 42574189617 39124413204
0
636
126
0 0
0
0 0
1
P0 0 0
P1 0 0
P2 908655263 874036972
P3 676217685 76189788
P4 1487743555 1047485734
P5 0 0
P6 384336459 437609073
P7 973397207 522004259
P8 3137126083 2814300707
P9 3412575194 2007815629
P10 2229965280 3424309982
P11 0 0
P12 326814435 1592195124
P13 94708925 667247027
P14 1927591889 1359095816
P15 1845476407 1177267519
P16 0 0
P17 0 0
P18 452079460 1011943469
P19 2079884230 2026203538
P20 946527902 1957772410
P21 1584787728 1141649219
P22 311416293 201083870
P23 361483745 349044243
P24 1152024706 726271686
P25 2217026008 1829727565
P26 2014867488 843542145
P27 2474259989 1258938680
P28 2395476800 1190527378
P29 6406417025 7495119553
P30 2528632282 2725864502
P31 3911531840 3590193813
P32 2188966015 2026066464
P33 44652453354 39869009376
1
926427612 638702497
0 0
766
P0 0 0
P1 0 0
P2 908655263 874036972
P3 676217685 76189788
P4 1487743555 1047485734
P5 0 0
P6 384336459 437609073
P7 973397207 522004259
P8 3137126083 2814300707
P9 3412575194 2007815629
P10 2229965280 3424309982
P11 0 0
P12 326814435 1592195124
P13 94708925 667247027
P14 1927591889 1359095816
P15 1845476407 1177267519
P16 0 0
P17 0 0
P18 452079460 1011943469
P19 2079884230 2026203538
P20 946527902 1957772410
P21 1584787728 1141649219
P22 311416293 201083870
P23 1312523536 1084204579
P24 1152024706 726271686
P25 2217026008 1829727565
P26 2014867488 843542145
P27 2474259989 1258938680
P28 2395476800 1190527378
P29 6406417025 7495119553
P30 2528632282 2725864502
P31 3911531840 3590193813
P32 2188966015 2026066464
P33 44652453354 39869009376
0 0
821
198
821
787
198
0
2
784
118
0
3
198
2079884230 2026203538
0 0
0
712
P0 0 0
P1 0 0
P2 908655263 874036972
P3 676217685 76189788
P4 1487743555 1047485734
P5 0 0
P6 565230426 543179056
P7 973397207 522004259
P8 3137126083 2814300707
P9 3412575194 2007815629
P10 2229965280 3424309982
P11 0 0
P12 326814435 1592195124
P13 94708925 667247027
P14 2925955995 1368096694
P15 1845476407 1177267519
P16 0 0
P17 0 0
P18 452079460 1011943469
P19 2079884230 2026203538
P20 946527902 1957772410
P21 1584787728 1141649219
P22 311416293 201083870
P23 1312523536 1084204579
P24 1152024706 726271686
P25 2217026008 1829727565
P26 2014867488 843542145
P27 2474259989 1258938680
P28 2395476800 1190527378
P29 6406417025 7495119553
P30 2528632282 2725864502
P31 3911531840 3590193813
P32 2188966015 2026066464
P33 44306676156 39783927901
822
19
0 0
0
0
0 0
131
0 0
197
0
0
0
197
109
197
1
184079012 15139335
824
31
0
0 0
0 0
676217685 76189788
784
200
748452830 147094286
752
0 0
0
124
698760368 952237842
200
822
822
2079884230 2026203538
P0 0 0
P1 0 0
P2 908655263 874036972
P3 676217685 76189788
P4 1487743555 1047485734
P5 0 0
P6 565230426 543179056
P7 973397207 522004259
P8 3137126083 2814300707
P9 3412575194 2007815629
P10 3220985017 3922562647
P11 0 0
P12 897002397 2481215982
P13 94708925 667247027
P14 2925955995 1368096694
P15 1845476407 1177267519
P16 0 0
P17 0 0
P18 709146594 2001164059
P19 2079884230 2026203538
P20 1335859861 2947374069
P21 1584787728 1141649219
P22 311416293 201083870
P23 1312523536 1084204579
P24 1152024706 726271686
P25 2217026008 1829727565
P26 2014867488 843542145
P27 2474259989 1258938680
P28 3155515417 1761210188
P29 6406417025 7495119553
P30 3183848109 3149906110
P31 3911531840 3590193813
P32 2188966015 2026066464
P33 44469291752 40560681432
0
820
0
201
201
214548381 329032563
0
P0 0 0
P1 0 0
P2 908655263 874036972
P3 676217685 76189788
P4 1487743555 1047485734
P5 0 0
P6 565230426 543179056
P7 973397207 522004259
P8 3137126083 2814300707
P9 3412575194 2007815629
P10 3220985017 3922562647
P11 0 0
P12 897002397 2481215982
P13 94708925 667247027
P14 2925955995 1368096694
P15 1845476407 1177267519
P16 0 0
P17 0 0
P18 709146594 2001164059
P19 2079884230 2026203538
P20 1335859861 2947374069
P21 1584787728 1141649219
P22 311416293 201083870
P23 1312523536 1084204579
P24 1152024706 726271686
P25 2217026008 1829727565
P26 2014867488 843542145
P27 2474259989 1258938680
P28 3155515417 1761210188
P29 6406417025 7495119553
P30 3183848109 3149906110
P31 3911531840 3590193813
P32 2188966015 2026066464
P33 45098410945 41409661252
199
199
737
199
117
371301511 239833563
P0 0 0
P1 0 0
P2 908655263 874036972
P3 676217685 76189788
P4 1487743555 1047485734
P5 0 0
P6 565230426 543179056
P7 973397207 522004259
P8 3137126083 2814300707
P9 3412575194 2007815629
P10 3220985017 3922562647
P11 0 0
P12 897002397 2481215982
P13 94708925 667247027
P14 2925955995 1368096694
P15 1845476407 1177267519
P16 0 0
P17 0 0
P18 1065584210 2172145072
P19 2079884230 2026203538
P20 1335859861 2947374069
P21 1584787728 1141649219
P22 311416293 201083870
P23 1312523536 1084204579
P24 1152024706 726271686
P25 2217026008 1829727565
P26 2014867488 843542145
P27 2474259989 1258938680
P28 3155515417 1761210188
P29 6097816568 6972908596
P30 3518362961 4130269772
P31 3911531840 3590193813
P32 2188966015 2026066464
P33 45083139427 41894450685
P0 0 0
P1 0 0
P2 908655263 874036972
P3 676217685 76189788
P4 1487743555 1047485734
P5 0 0
P6 565230426 543179056
P7 973397207 522004259
P8 3137126083 2814300707
P9 3412575194 2007815629
P10 3220985017 3922562647
P11 0 0
P12 897002397 2481215982
P13 94708925 667247027
P14 2925955995 1368096694
P15 1845476407 1177267519
P16 0 0
P17 0 0
P18 1065584210 2172145072
P19 2079884230 2026203538
P20 1335859861 2947374069
P21 1584787728 1141649219
P22 311416293 201083870
P23 1312523536 1084204579
P24 1152024706 726271686
P25 2217026008 1829727565
P26 2014867488 843542145
P27 2474259989 1258938680
P28 3155515417 1761210188
P29 6097816568 6972908596
P30 3518362961 4130269772
P31 3911531840 3590193813
P32 2188966015 2026066464
P33 45083139427 41894450685
P0 0 0
P1 0 0
P2 908655263 874036972
P3 676217685 76189788
P4 1487743555 1047485734
P5 0 0
P6 565230426 543179056
P7 973397207 522004259
P8 3137126083 2814300707
P9 3412575194 2007815629
P10 3220985017 3922562647
P11 0 0
P12 897002397 2481215982
P13 94708925 667247027
P14 2925955995 1368096694
P15 1845476407 1177267519
P16 0 0
P17 0 0
P18 1065584210 2172145072
P19 2079884230 2026203538
P20 1335859861 2947374069
P21 1584787728 1141649219
P22 311416293 201083870
P23 1312523536 1084204579
P24 1152024706 726271686
P25 2217026008 1829727565
P26 2014867488 843542145
P27 2474259989 1258938680
P28 3155515417 1761210188
P29 6097816568 6972908596
P30 3518362961 4130269772
P31 3911531840 3590193813
P32 2188966015 2026066464
P33 45083139427 41894450685
129
0 0
0
0
739
0 0
31
27
P0 0 0
P1 0 0
P2 908655263 874036972
P3 676217685 76189788
P4 1487743555 1047485734
P5 0 0
P6 565230426 543179056
P7 973397207 522004259
P8 3137126083 2814300707
P9 3412575194 2007815629
P10 3220985017 3922562647
P11 0 0
P12 897002397 2481215982
P13 94708925 667247027
P14 2925955995 1368096694
P15 1845476407 1177267519
P16 0 0
P17 426066702 442920678
P18 1065584210 2172145072
P19 2079884230 2026203538
P20 1335859861 2947374069
P21 1584787728 1141649219
P22 311416293 201083870
P23 1719952887 2053122164
P24 1152024706 726271686
P25 2217026008 1829727565
P26 2014867488 843542145
P27 2787788736 2036688269
P28 3155515417 1761210188
P29 6097816568 6972908596
P30 3518362961 4130269772
P31 3911531840 3590193813
P32 2188966015 2026066464
P33 45083139427 41894450685
772
0 0
754
798
3
5
361483745 349044243
0 0
139
67
139
199
139
P0 0 0
P1 0 0
P2 908655263 874036972
P3 676217685 76189788
P4 1487743555 1047485734
P5 0 0
P6 565230426 543179056
P7 973397207 522004259
P8 3137126083 2814300707
P9 3412575194 2007815629
P10 3220985017 3922562647
P11 0 0
P12 897002397 2481215982
P13 94708925 667247027
P14 2925955995 1368096694
P15 2343183416 1963356767
P16 0 0
P17 426066702 442920678
P18 1850461182 2231274132
P19 2079884230 2026203538
P20 1335859861 2947374069
P21 1584787728 1141649219
P22 311416293 201083870
P23 1719952887 2053122164
P24 1152024706 726271686
P25 2217026008 1829727565
P26 2014867488 843542145
P27 3719092577 2713042712
P28 3155515417 1761210188
P29 6097816568 6972908596
P30 3518362961 4130269772
P31 3911531840 3590193813
P32 2188966015 2026066464
P33 45083139427 41894450685
541204670 674064439
201
0
0
201
0 0
0
824
140
203
0
140
0
0 0
206
206
744
638
0
P0 0 0
P1 0 0
P2 908655263 874036972
P3 676217685 76189788
P4 1487743555 1047485734
P5 0 0
P6 565230426 543179056
P7 973397207 522004259
P8 3137126083 2814300707
P9 3412575194 2007815629
P10 3220985017 3922562647
P11 0 0
P12 897002397 2481215982
P13 94708925 667247027
P14 2925955995 1368096694
P15 2343183416 1963356767
P16 0 0
P17 426066702 442920678
P18 1850461182 2231274132
P19 2079884230 2026203538
P20 1335859861 2947374069
P21 1584787728 1141649219
P22 311416293 201083870
P23 1719952887 2053122164
P24 1152024706 726271686
P25 2217026008 1829727565
P26 2014867488 843542145
P27 3719092577 2713042712
P28 3155515417 1761210188
P29 6790738341 6917716027
P30 3518362961 4130269772
P31 4130303092 3768230993
P32 2188966015 2026066464
P33 47287295099 44195328524
141
808
206
0
659
206
141
0
42
3518362961 4130269772
0 0
206
141
0
209
0 0
105
887893977 401465073
142
208
0
142
0
0
P0 0 0
P1 0 0
P2 908655263 874036972
P3 676217685 76189788
P4 1487743555 1047485734
P5 0 0
P6 565230426 543179056
P7 973397207 522004259
P8 3137126083 2814300707
P9 3412575194 2007815629
P10 3220985017 3922562647
P11 0 0
P12 897002397 2481215982
P13 94708925 667247027
P14 2925955995 1368096694
P15 2343183416 1963356767
P16 0 0
P17 1420134611 1433840517
P18 1850461182 2231274132
P19 2079884230 2026203538
P20 1335859861 2947374069
P21 1584787728 1141649219
P22 942060756 1166531553
P23 1719952887 2053122164
P24 1152024706 726271686
P25 2684806801 2019012442
P26 2014867488 843542145
P27 3719092577 2713042712
P28 3155515417 1761210188
P29 6790738341 6917716027
P30 3518362961 4130269772
P31 4130303092 3768230993
P32 3033991172 2388498256
P33 48799355559 45287682117
983495683 227051768
P0 0 0
P1 0 0
P2 908655263 874036972
P3 676217685 76189788
P4 1487743555 1047485734
P5 0 0
P6 565230426 543179056
P7 973397207 522004259
P8 3137126083 2814300707
P9 3412575194 2007815629
P10 3220985017 3922562647
P11 0 0
P12 897002397 2481215982
P13 94708925 667247027
P14 2925955995 1368096694
P15 2343183416 1963356767
P16 0 0
P17 1420134611 1433840517
P18 1850461182 2231274132
P19 2079884230 2026203538
P20 1335859861 2947374069
P21 1584787728 1141649219
P22 942060756 1166531553
P23 1719952887 2053122164
P24 1152024706 726271686
P25 3651298300 2801122571
P26 2898406194 925777691
P27 3719092577 2713042712
P28 3155515417 1761210188
P29 6790738341 6917716027
P30 3518362961 4130269772
P31 4130303092 3768230993
P32 3033991172 2388498256
P33 48799355559 45287682117
142
693
P0 0 0
P1 0 0
P2 908655263 874036972
P3 676217685 76189788
P4 1487743555 1047485734
P5 0 0
P6 565230426 543179056
P7 973397207 522004259
P8 3137126083 2814300707
P9 3412575194 2007815629
P10 3220985017 3922562647
P11 0 0
P12 897002397 2481215982
P13 94708925 667247027
P14 2925955995 1368096694
P15 2343183416 1963356767
P16 0 0
P17 1420134611 1433840517
P18 1850461182 2231274132
P19 2079884230 2026203538
P20 1335859861 2947374069
P21 1584787728 1141649219
P22 942060756 1166531553
P23 1719952887 2053122164
P24 1152024706 726271686
P25 3651298300 2801122571
P26 2898406194 925777691
P27 3719092577 2713042712
P28 3155515417 1761210188
P29 6790738341 6917716027
P30 3518362961 4130269772
P31 4130303092 3768230993
P32 3033991172 2388498256
P33 48799355559 45287682117
208
788
P0 783667433 257413158
P1 0 0
P2 908655263 874036972
P3 676217685 76189788
P4 1487743555 1047485734
P5 0 0
P6 565230426 543179056
P7 973397207 522004259
P8 3137126083 2814300707
P9 3569922001 2983131853
P10 3220985017 3922562647
P11 0 0
P12 897002397 2481215982
P13 94708925 667247027
P14 2925955995 1368096694
P15 2343183416 1963356767
P16 0 0
P17 1420134611 1433840517
P18 1850461182 2231274132
P19 2079884230 2026203538
P20 1335859861 2947374069
P21 1584787728 1141649219
P22 942060756 1166531553
P23 1719952887 2053122164
P24 1152024706 726271686
P25 3651298300 2801122571
P26 2898406194 925777691
P27 3719092577 2713042712
P28 3535308325 2353733858
P29 6790738341 6917716027
P30 3518362961 4130269772
P31 4130303092 3768230993
P32 3033991172 2388498256
P33 48799355559 45287682117
145
0
210
0
0
30
48637347 459831002
145
0
0
0
P0 783667433 257413158
P1 0 0
P2 908655263 874036972
P3 676217685 76189788
P4 1487743555 1047485734
P5 0 0
P6 565230426 543179056
P7 973397207 522004259
P8 3137126083 2814300707
P9 3569922001 2983131853
P10 3220985017 3922562647
P11 0 0
P12 897002397 2481215982
P13 94708925 667247027
P14 2925955995 1368096694
P15 2343183416 1963356767
P16 0 0
P17 1420134611 1433840517
P18 1850461182 2231274132
P19 2079884230 2026203538
P20 1335859861 2947374069
P21 1584787728 1141649219
P22 942060756 1166531553
P23 1719952887 2053122164
P24 1152024706 726271686
P25 3651298300 2801122571
P26 2898406194 925777691
P27 3719092577 2713042712
P28 3535308325 2353733858
P29 6790738341 6917716027
P30 3518362961 4130269772
P31 4130303092 3768230993
P32 3033991172 2388498256
P33 49746973582 45439346466
0
145
211
145
147
511726772 250174626
211
4
733
0
209
371301511 239833563
149
741
0
583345058 700572929
P0 783667433 257413158
P1 0 0
P2 908655263 874036972
P3 676217685 76189788
P4 1487743555 1047485734
P5 0 0
P6 565230426 543179056
P7 973397207 522004259
P8 3154682363 3316029743
P9 3569922001 2983131853
P10 3220985017 3922562647
P11 0 0
P12 897002397 2481215982
P13 976823332 775035996
P14 2925955995 1368096694
P15 2343183416 1963356767
P16 0 0
P17 1420134611 1433840517
P18 1850461182 2231274132
P19 2079884230 2026203538
P20 1335859861 2947374069
P21 1584787728 1141649219
P22 942060756 1166531553
P23 1719952887 2053122164
P24 1152024706 726271686
P25 3651298300 2801122571
P26 2898406194 925777691
P27 3719092577 2713042712
P28 3535308325 2353733858
P29 6790738341 6917716027
P30 3076609702 4032156051
P31 4130303092 3768230993
P32 3033991172 2388498256
P33 51010129295 46629945964
147
213
P0 783667433 257413158
P1 0 0
P2 908655263 874036972
P3 676217685 76189788
P4 1487743555 1047485734
P5 0 0
P6 565230426 543179056
P7 973397207 522004259
P8 3154682363 3316029743
P9 3569922001 2983131853
P10 3220985017 3922562647
P11 0 0
P12 897002397 2481215982
P13 976823332 775035996
P14 2925955995 1368096694
P15 2343183416 1963356767
P16 0 0
P17 1420134611 1433840517
P18 1850461182 2231274132
P19 2079884230 2026203538
P20 1335859861 2947374069
P21 1584787728 1141649219
P22 942060756 1166531553
P23 1719952887 2053122164
P24 1152024706 726271686
P25 3651298300 2801122571
P26 2898406194 925777691
P27 3719092577 2713042712
P28 3535308325 2353733858
P29 6790738341 6917716027
P30 3076609702 4032156051
P31 4130303092 3768230993
P32 3033991172 2388498256
P33 51010129295 46629945964
0 0
795
147
P0 783667433 257413158
P1 0 0
P2 908655263 874036972
P3 676217685 76189788
P4 1487743555 1047485734
P5 0 0
P6 565230426 543179056
P7 973397207 522004259
P8 3154682363 3316029743
P9 3569922001 2983131853
P10 3220985017 3922562647
P11 0 0
P12 897002397 2481215982
P13 976823332 775035996
P14 2925955995 1368096694
P15 2343183416 1963356767
P16 0 0
P17 1420134611 1433840517
P18 1850461182 2231274132
P19 2079884230 2026203538
P20 1335859861 2947374069
P21 1584787728 1141649219
P22 942060756 1166531553
P23 1719952887 2053122164
P24 1152024706 726271686
P25 3651298300 2801122571
P26 2898406194 925777691
P27 3719092577 2713042712
P28 3535308325 2353733858
P29 6790738341 6917716027
P30 3076609702 4032156051
P31 4130303092 3768230993
P32 3033991172 2388498256
P33 51010129295 46629945964
P0 783667433 257413158
P1 0 0
P2 908655263 874036972
P3 676217685 76189788
P4 1487743555 1047485734
P5 0 0
P6 565230426 543179056
P7 973397207 522004259
P8 3154682363 3316029743
P9 3569922001 2983131853
P10 3220985017 3922562647
P11 0 0
P12 897002397 2481215982
P13 976823332 775035996
P14 2925955995 1368096694
P15 2343183416 1963356767
P16 0 0
P17 1420134611 1433840517
P18 1850461182 2231274132
P19 2079884230 2026203538
P20 1335859861 2947374069
P21 1584787728 1141649219
P22 942060756 1166531553
P23 1719952887 2053122164
P24 1152024706 726271686
P25 3651298300 2801122571
P26 2898406194 925777691
P27 3719092577 2713042712
P28 3535308325 2353733858
P29 6790738341 6917716027
P30 3076609702 4032156051
P31 4130303092 3768230993
P32 3033991172 2388498256
P33 51585204161 47288449385
P0 783667433 257413158
P1 0 0
P2 908655263 874036972
P3 676217685 76189788
P4 1487743555 1047485734
P5 0 0
P6 565230426 543179056
P7 973397207 522004259
P8 3154682363 3316029743
P9 3569922001 2983131853
P10 3220985017 3922562647
P11 0 0
P12 897002397 2481215982
P13 976823332 775035996
P14 2925955995 1368096694
P15 2343183416 1963356767
P16 0 0
P17 1420134611 1433840517
P18 1850461182 2231274132
P19 2079884230 2026203538
P20 1335859861 2947374069
P21 1584787728 1141649219
P22 942060756 1166531553
P23 1719952887 2053122164
P24 1152024706 726271686
P25 3651298300 2801122571
P26 2898406194 925777691
P27 3719092577 2713042712
P28 3535308325 2353733858
P29 6790738341 6917716027
P30 3076609702 4032156051
P31 4130303092 3768230993
P32 3033991172 2388498256
P33 51585204161 47288449385
3570605131 3766813903
823
P0 783667433 257413158
P1 0 0
P2 908655263 874036972
P3 676217685 76189788
P4 1487743555 1047485734
P5 296771884 712776339
P6 565230426 543179056
P7 973397207 522004259
P8 3154682363 3316029743
P9 3569922001 2983131853
P10 3220985017 3922562647
P11 0 0
P12 897002397 2481215982
P13 976823332 775035996
P14 2925955995 1368096694
P15 2343183416 1963356767
P16 0 0
P17 1420134611 1433840517
P18 1850461182 2231274132
P19 2079884230 2026203538
P20 1335859861 2947374069
P21 1584787728 1141649219
P22 942060756 1166531553
P23 1719952887 2053122164
P24 1152024706 726271686
P25 3651298300 2801122571
P26 2898406194 925777691
P27 3719092577 2713042712
P28 3535308325 2353733858
P29 6790738341 6917716027
P30 3076609702 4032156051
P31 4130303092 3768230993
P32 3033991172 2388498256
P33 51585204161 47288449385
213
153
783667433 257413158
213
0
56
0
0 0
0 0
154
802
154
0
154
820
803
117
0
206798315 537798292
213
213
0
0
210
0 0
0 0
1353565298 1282252518
0 0
0 0
160
P0 783667433 257413158
P1 0 0
P2 908655263 874036972
P3 676217685 76189788
P4 1487743555 1047485734
P5 296771884 712776339
P6 565230426 543179056
P7 973397207 522004259
P8 3154682363 3316029743
P9 3569922001 2983131853
P10 3220985017 3922562647
P11 0 0
P12 897002397 2481215982
P13 976823332 775035996
P14 2925955995 1368096694
P15 2343183416 1963356767
P16 0 0
P17 1420134611 1433840517
P18 1850461182 2231274132
P19 2079884230 2026203538
P20 1335859861 2947374069
P21 1584787728 1141649219
P22 942060756 1166531553
P23 1719952887 2053122164
P24 1152024706 726271686
P25 3651298300 2801122571
P26 2898406194 925777691
P27 3719092577 2713042712
P28 3647936579 3207970445
P29 6796649356 7359756976
P30 3113223329 4098449483
P31 4130303092 3768230993
P32 3964410528 2526687862
P33 51819845358 49049151529
315498927 1590142836
4
0 0
77
541204670 674064439
159
0
0
20
215
