90
77
27
92
73
0
92
0
92
P0 837501242 684183789
P1 0 0
P2 1221930172 1597764713
P3 1254133995 1017455389
P4 0 0
P5 997862197 480248863
P6 306739341 876253206
P7 2818582593 1300798183
P8 1434054252 357108639
P9 574251867 631874147
P10 0 0
P11 1234806079 2520016439
P12 3089968979 2917276284
P13 34828984117 33921166886
82
742
P0 837501242 684183789
P1 0 0
P2 1221930172 1597764713
P3 1254133995 1017455389
P4 0 0
P5 997862197 480248863
P6 306739341 876253206
P7 2818582593 1300798183
P8 1434054252 357108639
P9 574251867 631874147
P10 0 0
P11 1234806079 2520016439
P12 3089968979 2917276284
P13 35799386269 34993048525
0 0
0 0
P0 837501242 684183789
P1 0 0
P2 1221930172 1597764713
P3 1254133995 1017455389
P4 0 0
P5 997862197 480248863
P6 306739341 876253206
P7 2818582593 1300798183
P8 1434054252 357108639
P9 574251867 631874147
P10 0 0
P11 1234806079 2520016439
P12 3089968979 2917276284
P13 35799386269 34993048525
P0 837501242 684183789
P1 0 0
P2 1221930172 1597764713
P3 1770390464 1606799041
P4 0 0
P5 997862197 480248863
P6 306739341 876253206
P7 2818582593 1300798183
P8 1434054252 357108639
P9 574251867 631874147
P10 0 0
P11 1234806079 2520016439
P12 3089968979 2917276284
P13 35799386269 34993048525
82
772
0 0
0
755
0
776
530556748 872249671
802324232 868433723
837501242 684183789
82
58
77
0
82
54
0 0
5
0
774
95
16
5
45
1770390464 1606799041
46
P0 837501242 684183789
P1 0 0
P2 1221930172 1597764713
P3 1770390464 1606799041
P4 0 0
P5 997862197 480248863
P6 367145177 950236556
P7 2818582593 1300798183
P8 1434054252 357108639
P9 574251867 631874147
P10 364009679 754925408
P11 2228037940 2753078949
P12 3089968979 2917276284
P13 36802190669 35238433274
0
39
96
89
0 0
P0 837501242 684183789
P1 0 0
P2 1221930172 1597764713
P3 1770390464 1606799041
P4 0 0
P5 997862197 480248863
P6 367145177 950236556
P7 2818582593 1300798183
P8 1434054252 357108639
P9 574251867 631874147
P10 364009679 754925408
P11 2228037940 2753078949
P12 3244270255 2917873893
P13 38585471163 36334252352
P0 837501242 684183789
P1 0 0
P2 1221930172 1597764713
P3 1770390464 1606799041
P4 0 0
P5 997862197 480248863
P6 367145177 950236556
P7 2818582593 1300798183
P8 1434054252 357108639
P9 574251867 631874147
P10 364009679 754925408
P11 2228037940 2753078949
P12 3244270255 2917873893
P13 38585471163 36334252352
0 0
P0 837501242 684183789
P1 0 0
P2 1221930172 1597764713
P3 1770390464 1606799041
P4 0 0
P5 997862197 480248863
P6 367145177 950236556
P7 2818582593 1300798183
P8 1434054252 357108639
P9 574251867 631874147
P10 364009679 754925408
P11 2228037940 2753078949
P12 3244270255 2917873893
P13 38585471163 36334252352
0
101
98
0
P0 837501242 684183789
P1 0 0
P2 1221930172 1597764713
P3 1770390464 1606799041
P4 0 0
P5 997862197 480248863
P6 367145177 950236556
P7 2818582593 1300798183
P8 1434054252 357108639
P9 574251867 631874147
P10 364009679 754925408
P11 2228037940 2753078949
P12 3244270255 2917873893
P13 39885171218 37727968762
0 0
27
P0 837501242 684183789
P1 0 0
P2 1221930172 1597764713
P3 1770390464 1606799041
P4 0 0
P5 997862197 480248863
P6 367145177 950236556
P7 2818582593 1300798183
P8 1434054252 357108639
P9 574251867 631874147
P10 364009679 754925408
P11 2228037940 2753078949
P12 3244270255 2917873893
P13 39885171218 37727968762
0
65
62
0 0
89
0
30
0
0
0
882279640 157516713
14
89
0
0 0
16
774
0
102
21
66
90
0 0
0 0
P0 837501242 684183789
P1 0 0
P2 1221930172 1597764713
P3 1770390464 1606799041
P4 0 0
P5 997862197 480248863
P6 367145177 950236556
P7 2818582593 1300798183
P8 1434054252 357108639
P9 574251867 631874147
P10 1548065693 2605864809
P11 2228037940 2753078949
P12 3244270255 2917873893
P13 41550505641 39965407432
154301276 597609
102
0
5
93
0
0
0
103
1
747
P0 837501242 684183789
P1 0 0
P2 1221930172 1597764713
P3 1770390464 1606799041
P4 0 0
P5 997862197 480248863
P6 367145177 950236556
P7 2818582593 1300798183
P8 1434054252 357108639
P9 574251867 631874147
P10 1548065693 2605864809
P11 2228037940 2753078949
P12 3244270255 2917873893
P13 42195573535 40295033235
P0 837501242 684183789
P1 0 0
P2 1221930172 1597764713
P3 1770390464 1606799041
P4 0 0
P5 997862197 480248863
P6 367145177 950236556
P7 2818582593 1300798183
P8 1434054252 357108639
P9 574251867 631874147
P10 1548065693 2605864809
P11 2228037940 2753078949
P12 3244270255 2917873893
P13 42195573535 40295033235
0
P0 837501242 684183789
P1 0 0
P2 1221930172 1597764713
P3 1770390464 1606799041
P4 0 0
P5 997862197 480248863
P6 367145177 950236556
P7 2818582593 1300798183
P8 1434054252 357108639
P9 574251867 631874147
P10 1548065693 2605864809
P11 2228037940 2753078949
P12 3244270255 2917873893
P13 43796435581 41842070960
0 0
104
P0 837501242 684183789
P1 0 0
P2 1221930172 1597764713
P3 1770390464 1606799041
P4 0 0
P5 997862197 480248863
P6 367145177 950236556
P7 2818582593 1300798183
P8 1434054252 357108639
P9 574251867 631874147
P10 1548065693 2605864809
P11 2228037940 2753078949
P12 3244270255 2917873893
P13 43796435581 41842070960
95
236388159 157611357
39
0 0
0 0
0
739
22
0
0 0
711
0 0
0
0 0
0 0
99
0
0
0 0
99
100
0 0
0
104
0 0
41
0 0
900744796 402029531
0 0
725
0
102
103
0
14
997862197 480248863
36
P0 837501242 684183789
P1 0 0
P2 1221930172 1597764713
P3 1770390464 1606799041
P4 0 0
P5 997862197 480248863
P6 367145177 950236556
P7 2818582593 1300798183
P8 1434054252 357108639
P9 750369593 1164701510
P10 1548065693 2605864809
P11 2228037940 2753078949
P12 2773361510 2807067877
P13 45803119505 44717876360
0 0
1
0
0 0
51
103
0
0
37
102
102
P0 837501242 684183789
P1 0 0
P2 1221930172 1597764713
P3 1770390464 1606799041
P4 0 0
P5 997862197 480248863
P6 367145177 950236556
P7 2818582593 1300798183
P8 1434054252 357108639
P9 750369593 1164701510
P10 1548065693 2605864809
P11 2228037940 2753078949
P12 2773361510 2807067877
P13 47098377782 46359261501
756
777
0
25
P0 837501242 684183789
P1 0 0
P2 1221930172 1597764713
P3 1770390464 1606799041
P4 0 0
P5 997862197 480248863
P6 367145177 950236556
P7 2818582593 1300798183
P8 1434054252 357108639
P9 750369593 1164701510
P10 1548065693 2605864809
P11 2228037940 2753078949
P12 2773361510 2807067877
P13 47098377782 46359261501
0
102
102
0
102
0
52
3
0
105
8
0
P0 837501242 684183789
P1 0 0
P2 1221930172 1597764713
P3 1770390464 1606799041
P4 0 0
P5 997862197 480248863
P6 367145177 950236556
P7 2818582593 1300798183
P8 1434054252 357108639
P9 750369593 1164701510
P10 1548065693 2605864809
P11 2228037940 2753078949
P12 2773361510 2807067877
P13 48111488218 47351807544
105
0 0
0
2
17
105
0 0
743
0
775
1221930172 1597764713
0 0
0 0
772
111
7
0
0
P0 837501242 684183789
P1 0 0
P2 1221930172 1597764713
P3 1770390464 1606799041
P4 0 0
P5 997862197 480248863
P6 367145177 950236556
P7 2818582593 1300798183
P8 1434054252 357108639
P9 750369593 1164701510
P10 2540128806 3078824619
P11 2228037940 2753078949
P12 3386751015 3235062365
P13 49360226605 47414759141
32
0
0
0
0
109
1
0 0
0 0
0
109
34
0
6
102
0
770
0
0
102
0
743
P0 837501242 684183789
P1 0 0
P2 1221930172 1597764713
P3 2021399824 2210136560
P4 0 0
P5 997862197 480248863
P6 367145177 950236556
P7 2818582593 1300798183
P8 1434054252 357108639
P9 750369593 1164701510
P10 2540128806 3078824619
P11 2228037940 2753078949
P12 3441688669 3390463765
P13 49666265682 47743147908
109
P0 837501242 684183789
P1 0 0
P2 1221930172 1597764713
P3 2021399824 2210136560
P4 0 0
P5 997862197 480248863
P6 367145177 950236556
P7 2818582593 1300798183
P8 1434054252 357108639
P9 750369593 1164701510
P10 2540128806 3078824619
P11 2228037940 2753078949
P12 3441688669 3390463765
P13 49666265682 47743147908
109
110
18
0 0
P0 837501242 684183789
P1 0 0
P2 1221930172 1597764713
P3 2980660905 3126161792
P4 0 0
P5 997862197 480248863
P6 367145177 950236556
P7 2818582593 1300798183
P8 1434054252 357108639
P9 750369593 1164701510
P10 2540128806 3078824619
P11 2228037940 2753078949
P12 3570881238 4304981581
P13 50217469509 48283515069
2360314527 2574511236
P0 837501242 684183789
P1 0 0
P2 1221930172 1597764713
P3 2980660905 3126161792
P4 0 0
P5 997862197 480248863
P6 367145177 950236556
P7 2818582593 1300798183
P8 1434054252 357108639
P9 750369593 1164701510
P10 2540128806 3078824619
P11 2228037940 2753078949
P12 3570881238 4304981581
P13 49852791176 47547427638
106
107
367145177 950236556
107
695338553 188188970
152277374 322088341
220720698 917458382
P0 837501242 684183789
P1 0 0
P2 1221930172 1597764713
P3 2980660905 3126161792
P4 0 0
P5 997862197 480248863
P6 367145177 950236556
P7 2818582593 1300798183
P8 1434054252 357108639
P9 750369593 1164701510
P10 2540128806 3078824619
P11 2228037940 2753078949
P12 3570881238 4304981581
P13 49990737954 47890002321
P0 837501242 684183789
P1 0 0
P2 1221930172 1597764713
P3 2980660905 3126161792
P4 0 0
P5 997862197 480248863
P6 367145177 950236556
P7 2818582593 1300798183
P8 1434054252 357108639
P9 750369593 1164701510
P10 2540128806 3078824619
P11 2228037940 2753078949
P12 3570881238 4304981581
P13 49990737954 47890002321
0 0
730
P0 837501242 684183789
P1 0 0
P2 1221930172 1597764713
P3 2980660905 3126161792
P4 0 0
P5 997862197 480248863
P6 367145177 950236556
P7 2818582593 1300798183
P8 1434054252 357108639
P9 750369593 1164701510
P10 2540128806 3078824619
P11 2228037940 2753078949
P12 3570881238 4304981581
P13 49677585926 47709258836
0 0
P0 837501242 684183789
P1 0 0
P2 1221930172 1597764713
P3 2980660905 3126161792
P4 0 0
P5 997862197 480248863
P6 367145177 950236556
P7 2818582593 1300798183
P8 1434054252 357108639
P9 750369593 1164701510
P10 2540128806 3078824619
P11 2228037940 2753078949
P12 3570881238 4304981581
P13 49677585926 47709258836
0
0 0
721
0
0
107
107
107
13
829525202 129403812
P0 837501242 684183789
P1 0 0
P2 1221930172 1597764713
P3 2980660905 3126161792
P4 0 0
P5 997862197 480248863
P6 367145177 950236556
P7 2818582593 1300798183
P8 1434054252 357108639
P9 750369593 1164701510
P10 2540128806 3078824619
P11 2228037940 2753078949
P12 3193526030 4278438838
P13 49677585926 47709258836
42
724
107
0
34
1182580380 599719927
108
750
114
114
0
0
0
0 0
0
109
1
115
0 0
0
114
0 0
0 0
0 0
0 0
115
45
115
P0 837501242 684183789
P1 501823885 974460387
P2 1221930172 1597764713
P3 2980660905 3126161792
P4 0 0
P5 997862197 480248863
P6 367145177 950236556
P7 2818582593 1300798183
P8 1434054252 357108639
P9 750369593 1164701510
P10 2540128806 3078824619
P11 3636785997 3983830303
P12 3193526030 4278438838
P13 51438249108 49586147695
768
0
116
774
2
0
0
0
P0 837501242 684183789
P1 501823885 974460387
P2 1221930172 1597764713
P3 2980660905 3126161792
P4 0 0
P5 997862197 480248863
P6 367145177 950236556
P7 2818582593 1300798183
P8 1434054252 357108639
P9 750369593 1164701510
P10 2540128806 3078824619
P11 3636785997 3983830303
P12 3193526030 4278438838
P13 52512056680 50217333930
P0 837501242 684183789
P1 501823885 974460387
P2 1221930172 1597764713
P3 2980660905 3126161792
P4 0 0
P5 997862197 480248863
P6 367145177 950236556
P7 2818582593 1300798183
P8 1434054252 357108639
P9 750369593 1164701510
P10 2540128806 3078824619
P11 3636785997 3983830303
P12 3193526030 4278438838
P13 52512056680 50217333930
P0 837501242 684183789
P1 501823885 974460387
P2 1221930172 1597764713
P3 2980660905 3126161792
P4 0 0
P5 997862197 480248863
P6 367145177 950236556
P7 2818582593 1300798183
P8 1434054252 357108639
P9 750369593 1164701510
P10 2540128806 3078824619
P11 3636785997 3983830303
P12 3193526030 4278438838
P13 52512056680 50217333930
0 0
P0 837501242 684183789
P1 501823885 974460387
P2 1221930172 1597764713
P3 2980660905 3126161792
P4 0 0
P5 997862197 480248863
P6 367145177 950236556
P7 2818582593 1300798183
P8 1434054252 357108639
P9 750369593 1164701510
P10 2540128806 3078824619
P11 3636785997 3983830303
P12 3193526030 4278438838
P13 52512056680 50217333930
42
116
P0 837501242 684183789
P1 501823885 974460387
P2 1221930172 1597764713
P3 2980660905 3126161792
P4 0 0
P5 997862197 480248863
P6 367145177 950236556
P7 2818582593 1300798183
P8 1434054252 357108639
P9 750369593 1164701510
P10 2540128806 3078824619
P11 3636785997 3983830303
P12 3193526030 4278438838
P13 52512056680 50217333930
59
95
49
0 0
0
22
P0 837501242 684183789
P1 501823885 974460387
P2 1221930172 1597764713
P3 2980660905 3126161792
P4 0 0
P5 997862197 480248863
P6 367145177 950236556
P7 2818582593 1300798183
P8 1434054252 357108639
P9 750369593 1164701510
P10 2540128806 3078824619
P11 3636785997 3983830303
P12 3193526030 4278438838
P13 53067940236 51612153346
694
0 0
113
0 0
113
0 0
766
6670300 681212518
0 0
P0 837501242 684183789
P1 501823885 974460387
P2 1221930172 1597764713
P3 2980660905 3126161792
P4 0 0
P5 997862197 480248863
P6 367145177 950236556
P7 2818582593 1300798183
P8 1145078452 242673233
P9 750369593 1164701510
P10 2540128806 3078824619
P11 4035353634 4477346545
P12 3193526030 4278438838
P13 54133968114 52813280687
0
116
116
751
0
712296396 43710116
0
0
768
0 0
124
124
P0 837501242 684183789
P1 501823885 974460387
P2 1221930172 1597764713
P3 2980660905 3126161792
P4 0 0
P5 1989951361 823825432
P6 367145177 950236556
P7 2818582593 1300798183
P8 1145078452 242673233
P9 750369593 1164701510
P10 2540128806 3078824619
P11 4035353634 4477346545
P12 3193526030 4278438838
P13 55335346870 53665119703
126
0 0
527850292 378578227
0
810609464 320030244
766
876505889 1345147701
126
126
118
118
0
126
753
126
118
P0 837501242 684183789
P1 501823885 974460387
P2 1221930172 1597764713
P3 2980660905 3126161792
P4 0 0
P5 1989951361 823825432
P6 367145177 950236556
P7 2818582593 1300798183
P8 1145078452 242673233
P9 750369593 1164701510
P10 2589246086 3451177160
P11 4035353634 4477346545
P12 3193526030 4278438838
P13 56292211039 54304532796
657
854897894 657913605
41
0
118
0
17
0 0
0
0
P0 837501242 684183789
P1 501823885 974460387
P2 1221930172 1597764713
P3 2980660905 3126161792
P4 0 0
P5 1989951361 823825432
P6 367145177 950236556
P7 2818582593 1300798183
P8 1145078452 242673233
P9 750369593 1164701510
P10 2589246086 3451177160
P11 4035353634 4477346545
P12 3193526030 4278438838
P13 55714069711 54274664461
53
P0 837501242 684183789
P1 501823885 974460387
P2 1221930172 1597764713
P3 2980660905 3126161792
P4 0 0
P5 1989951361 823825432
P6 367145177 950236556
P7 2818582593 1300798183
P8 1145078452 242673233
P9 750369593 1164701510
P10 2710947058 3888277955
P11 4035353634 4477346545
P12 3193526030 4278438838
P13 55722526507 54344843058
702
0 0
0
0 0
3966552557 2551622755
114
0
114
0
710
2098761735 2035820878
0
0
0
744
0
0
0 0
38
0
0
0 0
0
P0 837501242 684183789
P1 501823885 974460387
P2 1683556043 1837103435
P3 2980660905 3126161792
P4 0 0
P5 1989951361 823825432
P6 367145177 950236556
P7 2251031959 1183416064
P8 1673426028 844814398
P9 750369593 1164701510
P10 2710947058 3888277955
P11 3839913721 4081561434
P12 3193526030 4278438838
P13 60104771743 57856121155
P0 837501242 684183789
P1 501823885 974460387
P2 1683556043 1837103435
P3 2980660905 3126161792
P4 0 0
P5 1989951361 823825432
P6 367145177 950236556
P7 2251031959 1183416064
P8 1673426028 844814398
P9 750369593 1164701510
P10 2710947058 3888277955
P11 3839913721 4081561434
P12 3193526030 4278438838
P13 60104771743 57856121155
139
0 0
398567637 493516242
734
0
P0 837501242 684183789
P1 501823885 974460387
P2 1683556043 1837103435
P3 2980660905 3126161792
P4 0 0
P5 1989951361 823825432
P6 367145177 950236556
P7 2251031959 1183416064
P8 1673426028 844814398
P9 750369593 1164701510
P10 3348644440 4612345271
P11 3839913721 4081561434
P12 3193526030 4278438838
P13 60140148548 58086825228
0 0
681
0
0
141
0 0
0
743
0
0
0 0
0
14
144
0
144
P0 837501242 684183789
P1 501823885 974460387
P2 1768716666 2470474279
P3 2980660905 3126161792
P4 0 0
P5 1989951361 823825432
P6 367145177 950236556
P7 2251031959 1183416064
P8 1673426028 844814398
P9 750369593 1164701510
P10 3348644440 4612345271
P11 3839913721 4081561434
P12 3193526030 4278438838
P13 61450877106 59290885361
18
0 0
654
0
121
121
756
681
0
P0 837501242 684183789
P1 501823885 974460387
P2 1768716666 2470474279
P3 2980660905 3126161792
P4 0 0
P5 1989951361 823825432
P6 367145177 950236556
P7 2251031959 1183416064
P8 1673426028 844814398
P9 750369593 1164701510
P10 3348644440 4612345271
P11 3839913721 4081561434
P12 3209672586 4781043023
P13 62859385069 59831336285
142
20
142
123
142
0
0 0
0 0
P0 837501242 684183789
P1 501823885 974460387
P2 1768716666 2470474279
P3 2980660905 3126161792
P4 0 0
P5 1989951361 823825432
P6 367145177 950236556
P7 2251031959 1183416064
P8 1673426028 844814398
P9 750369593 1164701510
P10 3348644440 4612345271
P11 4351011092 4695105663
P12 3209672586 4781043023
P13 63143890947 60784886590
P0 837501242 684183789
P1 501823885 974460387
P2 1768716666 2470474279
P3 2980660905 3126161792
P4 0 0
P5 1989951361 823825432
P6 367145177 950236556
P7 2251031959 1183416064
P8 1673426028 844814398
P9 750369593 1164701510
P10 3348644440 4612345271
P11 4351011092 4695105663
P12 3209672586 4781043023
P13 63143890947 60784886590
0
667
P0 837501242 684183789
P1 501823885 974460387
P2 1768716666 2470474279
P3 2980660905 3126161792
P4 0 0
P5 1989951361 823825432
P6 367145177 950236556
P7 2251031959 1183416064
P8 1673426028 844814398
P9 750369593 1164701510
P10 3348644440 4612345271
P11 4351011092 4695105663
P12 3209672586 4781043023
P13 63143890947 60784886590
0 0
0
145
0 0
769
0 0
145
8
0 0
124
723
0
142
0
0
74
732
0 0
0 0
62478486 69977786
124
P0 837501242 684183789
P1 501823885 974460387
P2 1441190926 1972160237
P3 2980660905 3126161792
P4 0 0
P5 1989951361 823825432
P6 367145177 950236556
P7 2251031959 1183416064
P8 1673426028 844814398
P9 750369593 1164701510
P10 3348644440 4612345271
P11 4351011092 4695105663
P12 3209672586 4781043023
P13 63143890947 60784886590
124
753943592 396160905
0 0
0
0 0
142
123
123
0
732
0
0
144
123
0
0
0
45
0
0
7
33
125
62478486 69977786
0
674
0 0
P0 837501242 684183789
P1 501823885 974460387
P2 1441190926 1972160237
P3 2980660905 3126161792
P4 0 0
P5 1989951361 823825432
P6 367145177 950236556
P7 2251031959 1183416064
P8 1673426028 844814398
P9 750369593 1164701510
P10 3348644440 4612345271
P11 4351011092 4695105663
P12 3209672586 4781043023
P13 63376164352 60764171894
0
0
142
142
0
127
926152031 1396929742
0
730
720
143
0
47
126
665
143
27
0
0
0
133
770
