528 501 537
459 191 781
258 190 953
432 339 144
417 393 570
342 374 296
168 198 182
284 443 957
91 345 740
225 367 701
369 303 646
250 468 173
15 438 278
378 119 141
10 162 817
276 142 450
1 515 863
117 301 364
83 513 922
461 206 995
232 490 306
475 443 852
202 265 690
495 248 516
39 27 636
393 385 585
456 326 568
367 455 607
43 38 255
127 310 597
399 4 886
130 275 892
171 231 690
187 238 851
397 259 523
307 505 666
261 176 682
58 449 618
515 173 185
236 429 966
508 208 880
179 152 423
471 373 286
21 89 722
472 151 519
248 466 269
352 95 781
421 109 983
494 309 990
193 279 769
153 417 964
123 48 407
358 371 508
207 78 988
453 251 819
96 50 753
66 181 596
130 10 565
281 266 138
245 152 344
131 67 675
192 129 592
112 191 205
348 389 237
287 167 732
427 17 358
32 455 461
412 515 557
151 186 331
501 459 242
98 418 366
365 339 308
380 298 287
43 126 283
263 1 828
245 208 152
457 469 636
163 447 689
31 436 392
422 228 296
84 478 276
171 82 328
92 500 575
477 315 510
86 522 946
39 501 696
299 105 739
417 344 540
257 504 248
271 384 735
395 286 831
525 486 960
57 528 551
172 468 516
191 405 542
195 491 327
98 288 650
453 364 527
102 227 921
55 10 185
193 390 170
34 434 414
354 203 538
460 193 697
119 263 751
372 446 399
526 248 167
230 197 398
495 116 337
55 361 366
209 127 209
131 246 860
496 163 856
414 333 641
232 334 783
320 521 258
309 161 976
97 524 765
264 451 659
381 65 268
434 51 230
125 427 387
361 385 479
373 437 613
377 527 947
512 159 998
279 72 190
310 186 704
418 309 562
295 519 901
235 73 497
256 325 649
416 26 309
174 140 614
31 499 213
404 154 262
296 425 693
236 96 930
503 192 809
211 352 963
436 219 959
33 196 869
243 290 756
361 226 874
93 150 196
214 350 106
473 98 176
110 438 789
271 8 801
391 319 395
344 18 600
177 271 615
110 172 692
310 420 173
128 445 414
120 248 739
158 16 645
439 493 738
22 278 924
318 332 820
360 326 874
12 349 323
27 15 940
2 331 609
192 467 591
181 454 292
165 164 182
274 189 612
411 336 412
254 216 622
30 396 417
154 467 252
517 203 150
461 446 171
497 351 529
436 92 901
120 116 768
15 157 563
348 168 785
4 306 940
464 123 804
5 8 221
471 120 662
119 296 187
372 310 922
280 359 631
315 512 669
145 208 751
22 231 899
399 127 325
230 367 741
153 290 281
3 484 813
480 363 859
307 255 192
395 355 479
286 244 857
3 37 239
223 100 667
129 336 588
157 239 954
503 107 774
143 347 750
37 232 482
431 488 813
7 366 608
326 286 293
223 167 873
301 204 178
149 276 777
108 218 914
190 299 906
261 71 740
441 144 634
512 4 139
398 500 191
477 198 507
414 31 232
150 144 511
317 324 301
236 376 556
177 85 584
324 119 163
499 326 508
364 218 975
384 471 875
462 180 101
293 160 208
68 260 618
387 86 961
283 247 550
221 467 148
106 507 777
385 99 797
295 457 169
114 329 498
444 107 572
154 126 983
176 278 425
134 204 401
231 166 817
420 149 538
293 17 738
280 1 814
24 415 880
269 412 251
240 48 872
319 310 684
504 193 565
356 443 835
189 510 696
377 21 769
428 500 113
252 80 520
332 432 594
119 513 755
194 307 581
342 430 307
425 503 342
126 129 538
79 191 275
466 207 396
259 446 115
83 430 543
285 69 702
474 503 380
161 117 923
347 5 586
330 228 588
131 187 691
201 120 620
341 87 850
162 151 518
425 3 938
355 152 214
446 268 223
470 485 346
397 443 181
387 26 403
456 434 567
238 161 829
198 278 955
173 176 239
463 325 532
466 330 330
154 515 825
393 316 661
193 410 924
511 217 610
80 456 492
126 507 139
112 458 210
140 84 235
155 4 921
484 77 639
382 166 522
354 340 986
461 140 181
105 234 273
157 387 302
339 319 626
509 327 330
126 451 747
9 246 225
252 16 376
142 256 199
243 93 781
252 350 951
220 77 987
183 461 331
309 44 829
213 427 585
494 348 976
497 393 618
145 53 927
28 444 857
330 260 740
296 96 715
424 9 168
110 152 896
527 300 1000
8 527 331
219 443 570
424 402 291
165 62 928
491 191 420
313 160 605
155 71 551
438 422 112
70 389 392
508 304 659
372 208 471
197 110 838
437 366 214
107 160 787
478 470 634
510 426 792
193 491 133
112 406 269
477 311 337
452 353 951
21 161 612
322 304 512
465 262 710
258 267 214
47 434 365
85 483 326
188 523 178
160 39 556
33 21 642
38 255 565
265 304 897
15 109 424
220 375 160
155 321 286
402 55 841
167 445 774
142 186 711
336 51 463
517 413 943
5 35 643
225 360 854
133 26 947
76 423 940
394 351 316
167 22 150
123 68 108
494 62 135
486 260 198
381 286 338
294 146 279
527 514 701
236 327 996
499 179 175
165 521 889
104 217 299
310 400 227
142 268 699
485 16 946
171 242 778
416 119 682
131 527 406
476 453 732
478 407 222
170 168 383
263 75 790
235 194 224
218 128 755
255 411 456
272 238 361
35 387 716
120 258 180
426 285 317
250 301 829
496 72 739
161 101 649
240 405 856
479 202 473
235 2 926
344 42 488
432 87 998
158 76 303
66 463 203
140 428 874
46 290 170
175 17 369
219 271 985
503 200 105
423 220 973
456 445 196
510 336 981
117 34 262
102 464 285
55 214 760
345 93 966
346 212 260
445 69 409
22 265 334
405 513 502
156 313 827
215 181 880
444 14 360
303 318 751
113 235 997
306 128 137
93 214 935
425 17 788
255 511 110
482 43 607
56 62 403
503 267 594
517 178 182
167 306 744
353 465 995
351 282 404
130 173 302
216 308 690
370 474 604
384 49 967
41 205 433
49 73 722
27 65 405
27 220 623
453 47 564
447 479 491
268 371 404
471 21 170
472 288 502
68 101 634
51 7 905
343 116 644
292 242 617
477 44 903
366 32 767
432 78 287
60 62 431
440 481 336
487 220 535
173 110 828
353 440 777
219 407 1000
175 32 948
187 77 378
387 373 940
8 467 414
320 316 197
153 115 406
491 464 823
500 365 942
443 77 962
255 36 634
122 146 298
255 275 372
355 317 640
377 416 470
457 140 813
181 268 834
412 38 400
468 463 982
229 447 345
346 366 845
460 56 230
173 247 660
222 83 663
11 405 426
452 378 329
65 371 693
467 126 196
409 101 801
2 126 873
39 202 450
405 234 200
233 513 587
111 129 674
99 350 680
334 239 144
190 213 980
281 42 582
156 468 586
372 229 643
320 338 671
420 188 991
CCWGD 146 1000
OS 192 1 258 259 452 4 198 456 202 74 76 273 465 343 24 91 229 101 357 487 295 41 234 106 172 45 437 55 184 59 60 127 191
LAOR 397 416
SR 319 428
LAORC 336 390
SR 288 397
LAORC 452 315
CCWGD 410 1000
SM 169 417
OS 512 1 513 3 516 4 5 517 518 520 8 521 522 524 13 525 527 15 528 17 18 19 20 21 22 23 24 26 28 30 31 32 33 37 38 39 41 42 43 45 46 47 48 49 51 53 55 56 57 58 59 60 61 62 64 65 66 67 68 69 71 72 73 76 78 79 80 81 82 85 87 88 89 91 92 95 100 102 103 104 105 106 107 108 109 110 112 115 116 117 119 120 121 122 123 124 125 126 127 128 129 131 132 134 135 136 137 138 143 144 145 147 148 149 150 152 154 155 159 160 161 163 164 166 168 169 170 171 172 173 176 177 178 179 181 182 183 185 186 187 188 189 191 192 195 196 200 202 203 205 206 207 211 212 213 214 216 220 223 224 225 226 227 228 230 235 237 238 239 240 242 244 246 247 248 249 250 253 256 257 258 259 260 261 263 265 268 270 271 272 273 275 280 282 284 289 290 293 296 300 301 302 307 309 312 313 314 315 318 320 326 328 329 330 331 332 335 337 340 341 342 344 348 349 350 353 355 356 360 362 363 365 366 368 369 371 373 374 377 378 379 380 382 384 385 386 387 388 389 390 392 394 395 397 399 400 401 402 403 405 406 407 408 409 410 411 414 415 421 422 423 427 428 429 430 432 433 435 436 437 438 439 440 441 442 443 444 445 446 447 450 451 452 454 456 457 458 459 460 461 462 463 465 467 469 471 472 474 477 478 479 480 481 484 487 489 490 491 492 493 495 496 497 499 500 501 507 511
OS 256 514 259 5 519 266 269 14 15 19 20 21 277 280 282 283 29 287 289 34 290 35 297 300 301 45 46 305 50 306 53 309 310 55 312 58 315 62 63 319 321 322 69 72 73 74 75 77 334 335 338 84 85 342 346 349 96 99 357 105 107 365 366 110 367 368 112 370 114 372 116 373 377 122 379 381 383 127 385 129 389 136 393 139 399 143 144 402 403 147 149 150 152 409 413 415 159 417 164 421 427 429 430 176 178 435 436 438 439 440 446 191 193 194 196 455 456 201 203 204 462 208 467 469 214 215 473 476 223 224 225 227 485 486 231 232 233 235 237 240 241 498 242 243 504 506 511
SM 308 11
CCWGD 262 1000
CCWGD 160 704
LAOR 516 75
LAOR 404 313
SR 411 452
SM 114 109
OS 256 1 258 3 515 516 261 262 518 7 519 263 8 264 10 524 525 14 271 527 272 528 20 278 279 23 280 26 27 284 28 285 29 31 32 290 38 294 297 43 45 301 303 304 49 52 308 53 309 312 314 59 316 317 320 65 67 71 327 72 330 75 332 77 333 334 79 336 83 85 86 343 87 88 92 95 352 354 98 99 100 102 359 360 361 362 108 367 115 120 122 379 380 381 127 128 129 386 391 392 137 141 142 399 145 146 147 404 405 406 150 407 152 153 155 157 415 161 162 164 165 422 423 168 425 170 428 174 430 432 177 434 435 179 436 437 182 438 183 440 184 443 445 451 452 453 454 199 455 202 458 459 460 461 462 463 464 209 210 212 469 470 216 474 476 477 222 224 481 483 227 229 231 489 234 490 491 235 236 238 495 240 241 503 247 249 506 253 509 510 254
CCWGD 8 1000
LAORC 287 218
OS 512 1 513 2 514 5 518 6 8 520 9 521 522 10 524 525 13 526 20 21 22 23 24 25 27 28 30 32 34 35 36 39 40 43 51 52 53 55 57 61 62 64 66 67 69 70 75 76 78 80 82 83 86 88 90 91 94 95 97 99 102 105 106 108 109 110 112 116 117 120 121 123 125 128 130 133 134 135 136 137 141 142 145 147 148 149 150 154 158 159 160 161 162 169 173 174 177 178 181 184 185 188 195 199 200 205 207 208 209 210 213 216 217 219 222 223 229 230 231 232 233 234 237 238 242 243 244 246 247 252 253 255 256 258 261 262 264 265 267 268 270 272 276 277 278 279 280 281 282 283 284 286 287 290 293 294 297 298 302 304 305 307 310 311 312 313 315 320 322 323 325 328 334 337 338 340 341 343 344 348 351 353 354 357 358 359 360 363 365 367 369 371 372 373 375 376 377 379 380 383 384 385 388 389 390 391 395 397 398 399 403 406 409 411 412 415 416 418 419 421 422 423 424 427 429 433 436 437 438 442 443 445 449 451 455 458 459 460 462 464 465 476 477 478 481 484 486 488 491 494 497 501 502 505 507 508 509 510
CCWGD 460 1000
LAOR 59 442
SM 110 400
LAORC 97 465
CCWGD 113 615
LAORC 394 449
LAOR 185 149
OS 257 515 259 517 519 263 8 520 267 523 524 269 270 14 15 16 273 17 274 276 21 23 279 280 281 26 285 287 290 37 38 39 296 299 303 305 306 50 310 314 60 318 65 66 323 68 325 328 331 75 332 77 334 78 79 336 337 82 339 83 340 90 350 99 100 356 101 358 103 104 106 108 365 111 373 117 119 120 378 123 128 385 130 389 133 137 395 141 143 145 404 405 407 408 153 410 156 161 162 419 164 165 421 166 169 426 171 428 431 433 178 179 438 439 442 443 188 189 445 446 448 192 197 453 457 204 463 464 211 213 473 475 220 221 478 479 226 228 485 488 489 491 236 492 239 495 496 503 247 504 505 506 508 254
SM 47 449
CCWGD 46 1000
LAORC 264 361
CCWGD 39 1000
SM 232 489
SR 34 136
LAOR 469 199
LAORC 340 285
OS 1 2 515 3 516 4 5 517 518 6 519 8 521 9 522 10 11 13 525 14 528 20 24 27 30 35 37 38 42 45 47 48 49 50 52 57 58 59 63 66 73 74 77 78 79 80 81 82 84 91 92 94 97 98 99 100 105 107 108 113 115 116 117 121 122 125 126 127 128 130 131 132 133 135 136 138 142 144 145 146 147 148 150 153 155 158 165 166 167 168 180 183 184 189 190 191 192 194 195 197 200 201 203 212 213 218 219 221 222 224 225 226 227 231 233 234 236 238 240 241 242 244 245 249 250 251 253 254 257 258 264 267 269 272 274 281 285 288 289 290 291 295 297 299 300 303 304 305 308 310 311 312 318 319 320 325 328 330 331 333 334 336 337 338 339 342 344 345 347 348 351 352 356 360 361 363 364 366 368 370 371 372 373 376 377 378 380 383 384 386 387 388 391 392 394 395 396 397 401 403 405 407 409 410 414 415 416 418 419 421 422 427 429 430 432 441 448 453 455 459 461 467 468 470 471 473 474 477 479 480 481 482 484 486 487 490 494 497 498 499 500 502 504 507 509 511
OS 2 515 259 260 261 517 519 7 8 10 268 12 269 526 15 528 274 275 276 23 24 27 285 29 30 31 32 291 36 37 296 40 41 43 300 44 49 50 310 57 313 314 319 63 320 65 66 322 324 69 326 71 327 329 75 331 76 78 334 80 83 341 85 343 87 344 88 89 93 95 99 355 100 101 102 362 365 366 110 111 370 373 374 120 121 383 384 129 132 389 137 394 139 398 402 403 147 148 149 150 407 153 158 159 419 163 420 421 422 423 424 169 171 176 178 183 184 444 447 453 200 456 205 206 464 210 467 212 216 472 218 474 477 478 224 226 228 485 486 488 490 491 492 238 240 498 243 501 249 508 253
LAORC 172 95
LAORC 391 219
OS 512 513 2 4 518 519 8 9 10 523 527 528 20 21 23 24 25 27 28 33 35 37 38 39 40 41 43 47 48 49 53 54 55 60 61 69 71 74 75 76 77 78 84 86 89 90 91 92 93 100 103 111 114 116 119 120 122 123 124 128 130 131 133 137 138 140 141 143 144 145 146 148 150 151 152 153 156 166 168 170 174 175 179 180 182 184 186 192 194 195 198 200 203 205 209 210 211 214 216 218 219 220 221 222 223 225 226 229 230 235 238 240 247 249 251 252 254 256 258 260 264 266 267 269 270 274 278 279 280 281 283 285 288 296 301 307 308 312 324 330 331 332 336 338 344 347 348 350 351 352 355 356 358 359 361 363 364 368 370 371 376 378 383 385 386 387 390 392 393 395 398 400 401 404 406 407 408 411 413 414 415 421 422 428 431 433 435 438 439 442 443 445 450 455 459 465 467 472 473 474 475 476 477 479 481 484 489 490 492 494 495 499 501 508 509 511
SM 77 173
SM 57 228
LAOR 423 471
SR 355 336
LAORC 418 312
SM 29 37
SR 512 468
LAOR 133 264
SR 332 186
CCWGD 96 1000
SM 373 365
SR 322 23
CCWGD 196 1000
CCWGD 243 1000
SM 357 507
SM 428 211
SR 52 358
LAORC 271 284
LAOR 414 429
LAOR 89 142
CCWGD 314 1000
OS 514 515 5 134 9 13 269 526 399 25 153 282 413 159 419 168 43 49 308 185 316 324 333 77 334 462 336 211 342 215 218 347 477 478 225 482 355 487 361 362 491 235 364 114 243 115 250 254 383
LAORC 41 107
CCWGD 519 1000
CCWGD 7 567
LAOR 502 284
LAORC 236 54
OS 84 389 101 117 343 471 153 362 205 413 13 222
SM 208 261
SM 251 275
LAORC 366 33
SM 341 425
CCWGD 273 1000
SR 354 9
SR 494 196
LAORC 415 463
SR 419 319
SM 183 378
OS 1 513 2 515 6 519 8 9 521 11 13 525 14 526 528 16 18 19 20 21 23 24 26 28 29 30 31 33 34 37 38 39 40 41 42 44 45 46 47 48 50 51 52 55 57 59 61 65 66 67 68 69 71 73 75 76 78 79 80 81 84 85 87 89 90 95 96 97 98 100 101 106 108 109 110 112 113 114 116 119 120 121 122 123 128 130 132 134 135 136 137 139 140 142 143 144 146 148 149 150 151 153 155 156 161 162 163 164 167 168 169 170 173 174 175 179 180 183 185 186 187 188 189 190 191 193 195 196 197 199 200 204 205 206 207 208 209 210 212 215 218 219 220 222 224 228 229 230 232 233 235 240 241 242 245 246 249 250 251 252 253 256 257 258 261 262 265 266 271 272 273 278 279 281 285 287 288 290 291 293 294 296 298 303 305 306 307 310 311 312 313 315 316 317 318 320 321 322 323 324 325 326 330 331 333 334 335 336 339 340 341 342 343 344 346 347 351 355 357 358 359 360 361 364 365 367 372 374 375 376 377 378 379 380 381 382 385 386 388 389 391 394 395 397 398 399 403 404 405 406 407 408 409 410 412 413 415 417 419 420 423 426 427 428 429 430 431 434 437 438 439 441 442 444 445 447 449 452 453 454 457 461 463 464 465 468 469 471 472 474 475 478 479 480 481 482 483 486 489 491 492 494 497 498 499 501 502 505 509 511
CCWGD 140 1000
OS 480 356 485 390 230 521 395 172 300 397 494 464 147 374 343 503 188 349
OS 515 259 516 4 263 519 264 265 10 11 269 16 528 17 275 277 23 281 25 27 285 29 286 289 36 296 297 42 304 307 308 310 54 55 56 312 314 59 315 316 321 65 66 68 325 72 75 333 78 335 80 337 339 85 86 343 344 89 90 347 91 348 93 351 352 353 97 354 355 356 103 106 109 114 370 371 372 117 373 120 123 126 127 385 130 131 134 391 392 137 138 397 142 145 148 150 407 152 410 155 161 417 419 420 421 422 171 428 432 178 435 180 182 439 442 446 447 191 192 450 197 204 207 208 465 466 213 471 473 479 482 226 229 487 489 492 240 496 497 498 243 499 500 501 245 503 505 253 510
LAOR 163 346
LAOR 501 66
LAORC 61 167
LAORC 425 356
OS 514 2 3 4 516 518 7 519 8 521 9 10 522 523 12 14 526 527 16 528 17 18 20 21 22 24 25 26 27 29 31 32 34 35 36 37 39 40 41 45 46 47 49 51 52 53 55 56 57 58 60 61 64 65 66 67 69 70 71 72 74 75 76 77 78 81 84 86 87 91 92 93 96 98 99 100 102 103 107 111 112 118 119 120 121 122 125 126 128 130 131 133 134 135 136 137 139 140 142 143 144 146 147 149 150 152 154 155 156 157 158 159 160 162 163 164 166 168 171 173 174 176 177 180 181 182 184 185 187 189 191 192 193 195 197 198 200 203 204 205 206 208 209 210 211 212 218 220 221 222 224 226 228 230 231 232 233 234 235 237 240 241 244 245 246 247 250 253 256 257 258 260 263 264 265 266 267 268 271 272 273 275 276 277 278 280 282 283 284 285 289 290 291 292 294 295 297 299 302 303 306 307 310 311 312 314 315 316 317 318 320 322 323 326 327 329 330 331 332 333 334 335 336 337 338 339 341 342 343 344 345 346 347 349 350 351 352 355 356 357 358 363 364 365 368 369 370 371 372 373 374 376 379 381 382 387 389 390 391 394 395 396 397 398 399 402 403 404 405 408 409 410 413 416 419 420 421 422 425 426 427 428 429 430 433 436 440 443 444 447 448 449 450 451 452 454 458 459 460 461 462 463 464 466 467 470 471 474 475 476 477 478 481 482 486 489 491 493 495 499 500 502 503 504 506 508
OS 512 513 1 514 5 518 8 522 523 12 13 14 15 16 18 19 20 21 23 26 27 30 31 32 33 34 35 38 40 42 43 47 53 54 55 57 58 61 66 68 70 71 73 74 78 79 80 81 84 89 92 94 99 102 105 108 113 114 116 117 119 121 122 125 126 127 128 129 130 133 134 135 137 138 139 140 144 145 146 147 148 149 150 154 156 159 160 161 165 166 168 172 175 178 179 182 184 185 186 188 190 191 192 193 194 199 200 202 206 208 210 212 214 215 216 217 218 222 224 225 227 229 232 233 236 237 238 239 240 241 246 249 253 256 259 267 268 269 270 272 273 274 275 278 279 280 281 282 284 285 291 294 295 296 297 298 301 303 304 305 306 307 309 310 311 312 313 314 318 319 320 325 327 330 331 333 335 336 340 341 344 346 347 353 356 359 361 362 366 368 373 374 379 380 382 383 385 390 392 395 396 402 405 407 408 412 415 416 419 422 423 424 425 428 430 432 433 435 437 439 440 441 444 445 446 447 451 457 459 461 462 463 466 468 471 472 473 475 477 478 479 481 483 484 486 487 489 491 496 497 498 499 500 501 502 504 507 508
LAORC 118 233
SM 332 440
CCWGD 195 1000
OS 512 1 514 3 516 517 518 6 520 8 10 12 13 525 526 527 15 528 17 18 19 21 22 23 26 27 28 30 31 32 33 34 35 36 37 38 39 41 42 43 44 46 48 49 52 53 55 57 61 63 65 67 68 69 70 71 72 74 75 76 78 82 83 84 85 86 88 89 90 91 94 95 96 97 98 99 100 101 103 104 105 106 107 108 111 112 113 114 118 119 121 122 123 124 126 128 129 130 133 134 135 138 139 143 144 145 147 149 153 154 155 156 158 159 160 163 164 165 170 172 174 175 176 177 179 181 183 184 188 189 191 192 194 196 197 198 202 203 205 208 209 210 211 213 214 217 218 219 220 221 224 225 226 227 229 232 234 237 238 239 240 244 249 250 251 253 254 255 256 260 263 265 267 273 274 276 278 280 282 283 285 287 288 289 292 293 294 295 296 297 298 302 303 304 305 306 308 311 312 313 316 317 318 321 322 323 324 326 327 328 332 333 335 337 341 342 345 347 349 352 355 356 357 358 360 361 363 364 365 366 367 368 369 371 373 376 378 380 381 383 384 385 387 388 389 390 391 392 396 397 399 402 403 408 409 410 411 412 413 414 415 416 418 421 422 429 430 432 434 437 438 439 442 443 445 446 447 449 452 453 454 458 459 460 461 468 470 471 475 477 478 483 484 485 487 488 489 490 492 493 494 495 496 498 501 502 504 505 507 508 509
CCWGD 105 1000
SR 510 450
SM 357 26
OS 512 1 513 514 3 515 516 4 5 7 520 9 525 13 14 527 16 17 19 20 22 24 25 28 29 37 40 44 46 47 48 49 50 51 52 56 57 58 59 60 63 65 67 68 71 72 73 75 76 77 78 79 80 85 86 88 89 92 95 96 98 99 101 104 105 108 109 110 111 112 113 115 116 117 118 121 122 125 126 127 130 131 133 135 139 140 142 143 144 146 147 148 149 150 151 154 155 156 158 160 162 163 164 167 168 170 171 173 174 175 180 182 184 187 189 191 192 198 199 200 202 207 208 210 211 212 214 215 216 220 221 222 224 226 227 233 234 237 238 241 244 246 249 252 253 255 256 257 258 261 262 264 266 267 269 270 272 273 278 279 280 281 282 283 286 287 290 292 293 294 296 299 301 302 303 304 305 308 310 312 313 314 315 316 319 322 323 326 327 328 329 330 331 332 333 334 335 336 338 339 340 341 342 344 345 346 348 349 351 352 353 354 356 357 359 360 362 366 367 369 373 376 377 378 379 380 381 383 385 387 389 395 396 397 399 400 402 404 405 407 408 411 417 418 419 421 422 424 425 426 429 430 433 434 436 437 438 440 441 442 443 445 446 448 450 452 453 455 457 458 459 461 464 465 467 469 470 471 475 480 483 485 486 487 488 493 497 498 502 503 505 508 510 511
CCWGD 477 973
LAOR 213 304
OS 513 3 515 4 516 518 7 8 520 9 522 13 525 526 527 528 16 18 21 22 24 25 26 29 30 32 33 37 39 40 43 49 50 51 55 56 59 60 61 62 63 64 72 73 74 75 76 77 78 79 80 81 83 84 85 86 88 89 91 94 96 97 98 99 101 104 107 108 110 112 115 116 117 118 119 123 124 125 126 127 129 131 132 133 134 135 137 138 139 143 144 146 147 148 149 150 151 152 154 157 158 159 160 162 163 165 167 171 174 175 176 177 181 185 186 190 191 192 193 195 196 199 200 201 202 205 207 209 211 212 214 215 216 217 219 220 221 222 224 225 228 229 230 232 233 234 240 241 243 245 249 250 251 255 257 258 260 261 262 265 266 267 269 270 272 273 275 277 278 279 281 283 284 289 290 291 292 293 295 296 300 304 305 310 313 314 315 317 318 320 326 327 328 330 331 332 333 336 339 340 342 347 348 349 350 351 354 355 356 357 359 360 362 363 365 367 368 369 370 371 372 373 375 376 378 379 380 382 388 389 391 396 398 399 400 401 402 403 404 405 407 408 410 411 412 413 414 416 418 419 420 423 427 428 429 430 431 436 438 439 440 441 443 444 445 447 448 450 453 454 455 461 463 464 465 467 468 469 470 471 472 473 474 476 477 479 480 481 482 484 485 486 488 489 492 493 495 496 498 501 503 504 505 507 509
SR 168 150
OS 513 1 133 8 73 395 396 269 334 398 399 18 403 276 277 21 405 87 471 31 161 34 483 165 357 234 172 365 302 307 118 189 253
SR 151 85
SR 169 471
OS 1 258 2 3 4 517 5 6 518 264 9 522 267 524 525 270 528 274 19 278 22 280 24 27 284 29 32 34 290 38 294 298 43 300 45 48 52 311 55 56 312 57 315 63 320 66 68 324 325 69 328 73 330 79 83 339 84 85 86 87 89 90 92 93 349 350 353 354 356 102 358 359 360 107 363 111 112 373 117 118 121 377 378 379 123 382 126 385 129 130 131 389 133 390 137 395 141 143 144 400 401 148 404 405 406 408 152 410 411 158 415 160 417 418 162 163 421 165 422 423 169 170 171 428 174 432 177 433 437 184 185 187 188 446 190 191 193 450 452 455 201 205 207 208 464 465 210 469 470 479 224 481 225 483 229 489 490 234 236 241 498 499 501 246 247 252 508 509 511 255
CCWGD 274 1000
LAORC 167 82
SR 113 395
LAOR 157 44
OS 4 516 6 518 519 10 523 12 526 14 18 22 26 31 34 35 38 39 46 50 52 54 56 57 60 63 64 73 74 75 77 79 81 86 89 93 95 97 98 101 103 106 107 110 111 112 119 121 125 126 129 132 134 135 136 137 142 143 145 149 154 155 157 158 161 162 164 165 167 169 170 171 187 189 192 193 199 200 201 206 207 208 210 211 212 214 220 222 224 229 233 234 235 236 237 240 242 243 244 246 249 250 253 255 257 261 262 265 266 268 271 272 273 274 276 280 284 286 287 288 290 291 294 295 297 303 306 307 311 312 317 318 320 321 324 326 328 339 340 343 346 347 348 351 352 354 358 360 361 368 371 374 377 378 380 386 389 390 392 393 399 402 403 404 405 410 411 415 418 419 420 424 426 430 431 433 438 439 443 446 459 461 463 468 472 474 477 482 485 487 489 491 492 493 502 507 510
OS 513 514 2 516 4 518 519 8 526 14 527 528 16 18 19 21 22 23 24 25 26 28 29 31 33 34 40 42 44 47 49 50 51 52 54 55 56 57 58 60 64 67 68 69 71 72 75 76 78 79 81 82 83 84 85 86 88 90 92 93 94 95 96 97 98 100 101 103 104 106 107 108 109 110 111 112 116 118 119 120 121 122 123 124 125 127 128 129 130 131 133 135 138 139 140 141 142 143 144 145 149 151 153 154 155 157 158 159 160 162 165 166 168 169 172 176 177 178 180 182 184 186 187 190 191 193 194 197 198 205 207 209 211 214 215 216 217 218 219 220 221 225 226 227 228 229 231 232 236 237 238 241 242 243 244 245 246 248 249 250 253 254 255 256 259 260 262 263 264 265 266 267 269 271 272 274 275 279 280 281 282 283 284 287 288 290 292 293 294 297 298 299 300 301 302 304 306 307 308 310 312 313 314 316 317 318 320 321 322 324 328 329 331 339 340 341 343 344 345 346 348 349 350 351 352 353 354 356 359 361 363 364 366 367 370 372 373 374 375 376 377 378 379 380 381 382 384 385 386 388 390 391 394 395 396 397 400 401 402 403 404 405 407 408 412 414 415 416 417 418 419 423 426 430 431 435 437 438 439 440 443 444 445 446 448 450 451 452 455 456 460 461 462 463 464 466 467 468 469 470 473 474 475 477 478 479 480 481 482 483 484 486 488 489 494 495 496 497 498 500 501 502 503 506 507 509 510 511
OS 1 513 515 4 516 5 517 520 8 521 522 10 11 524 12 13 525 526 15 528 17 22 23 24 26 27 33 34 35 36 38 40 41 42 43 44 46 47 50 52 53 54 58 59 64 65 66 68 69 70 72 76 77 78 81 83 84 85 86 88 89 90 91 92 93 94 95 97 98 99 106 107 109 111 113 114 115 116 118 120 121 122 127 128 129 131 133 136 137 138 139 140 141 143 144 145 146 147 148 151 152 154 156 158 160 161 162 163 165 166 167 168 175 179 181 182 184 185 187 188 189 190 191 192 193 196 198 199 201 203 204 206 207 208 209 210 215 217 219 221 222 223 225 226 229 230 231 232 235 236 237 238 239 241 242 244 246 247 249 251 252 253 255 256 257 259 262 263 264 265 266 267 268 269 271 272 274 275 276 278 279 280 281 282 283 285 286 287 288 289 291 292 293 295 297 298 299 301 302 303 304 306 307 309 311 313 314 318 319 320 321 323 324 325 326 327 329 332 335 336 337 339 340 341 342 344 345 346 352 355 357 358 361 363 364 365 367 368 370 371 373 374 375 376 377 380 383 388 389 390 392 393 396 398 399 406 408 410 411 412 413 414 416 417 420 421 423 424 425 426 428 429 430 431 432 433 434 436 438 439 440 442 444 445 447 448 449 450 451 452 453 455 456 458 459 460 462 465 466 467 470 471 472 473 474 475 476 478 479 481 482 483 485 486 488 491 493 494 496 501 502 503 506 507 509 511
SM 378 60
CCWGD 526 1000
LAORC 28 4
CCWGD 212 1000
OS 1 3 515 4 517 7 520 9 521 10 522 11 523 12 13 14 527 528 18 21 22 23 24 26 28 31 36 37 38 39 43 44 45 46 47 48 50 51 53 55 58 62 65 66 68 69 71 74 75 76 78 79 80 83 86 87 88 89 95 96 97 98 101 102 104 106 107 109 111 114 115 117 118 121 124 125 130 132 133 134 135 138 140 141 143 144 148 151 154 155 156 157 158 159 160 162 163 164 166 167 168 169 171 174 175 176 177 178 180 182 183 184 185 186 187 188 190 191 194 196 197 198 199 200 202 203 204 208 211 213 216 223 225 226 227 228 230 232 233 235 236 237 239 240 241 242 243 244 246 247 248 253 254 255 256 257 259 260 261 264 266 267 268 269 275 279 281 282 284 289 290 291 293 299 301 302 303 307 309 310 313 315 318 319 321 325 327 328 329 331 334 335 336 342 343 344 345 347 348 351 353 354 356 359 360 362 363 366 367 368 370 371 372 373 376 377 378 379 382 385 387 388 396 397 398 399 400 401 402 404 405 406 409 411 412 414 417 421 422 423 424 426 427 428 429 432 433 434 436 438 439 440 442 445 446 447 448 449 451 452 453 455 456 457 458 459 460 462 464 466 470 471 473 474 477 478 479 484 487 488 490 491 493 496 498 500 503 507 509 510
CCWGD 96 1000
OS 512 513 514 2 515 3 5 6 519 7 520 8 10 522 11 523 525 13 526 527 16 17 18 19 20 22 23 24 27 29 31 32 34 35 36 38 39 40 41 42 43 44 47 48 50 52 53 56 57 58 60 63 64 66 68 73 74 75 76 78 81 85 87 88 90 91 92 93 94 97 99 100 101 102 103 106 107 109 111 115 116 117 118 120 121 122 123 125 127 128 129 131 132 135 137 138 139 140 141 142 143 144 148 150 155 156 158 161 162 163 164 165 166 167 168 169 171 172 174 175 176 177 178 179 180 181 182 183 185 186 187 189 190 193 194 199 200 201 202 204 206 207 208 209 210 211 214 215 216 217 218 219 220 223 226 228 230 232 233 235 236 238 239 240 241 242 243 246 248 249 250 253 254 255 256 257 258 260 261 263 267 269 271 272 275 277 279 280 282 284 286 288 290 291 293 295 296 299 300 303 304 310 311 312 314 320 325 326 327 328 330 332 333 334 335 336 340 341 343 345 346 349 350 351 358 359 362 363 364 366 367 368 371 372 373 375 379 381 382 383 386 387 388 389 391 392 393 396 397 398 401 403 404 406 407 410 412 415 416 417 420 421 422 423 425 426 427 428 429 431 433 434 435 437 438 440 442 443 446 447 448 449 450 451 456 457 461 466 469 470 471 472 473 474 478 479 482 483 485 486 488 494 495 496 497 499 500 501 502 506 507 508 509 510
SM 388 454
LAOR 79 346
LAORC 331 55
OS 1 513 2 514 3 4 5 518 519 520 9 521 522 523 524 525 13 21 22 23 24 26 27 28 31 36 37 38 40 41 45 48 49 50 53 55 56 60 66 74 75 76 78 80 82 84 85 86 88 90 91 92 94 95 98 103 106 109 111 112 113 116 117 119 122 125 128 129 131 134 135 136 139 140 143 146 147 151 153 155 156 158 160 161 164 166 167 170 174 176 177 178 179 183 184 186 187 188 190 193 195 199 200 202 203 204 205 207 209 211 213 219 223 224 227 228 229 230 232 238 240 246 247 248 250 252 258 260 261 262 263 264 265 270 271 274 276 277 279 281 282 283 284 286 287 288 289 290 293 296 298 300 301 302 303 304 307 308 313 318 319 320 322 324 327 329 330 331 332 333 334 338 339 342 343 346 347 348 349 351 354 355 356 357 358 361 369 370 373 376 377 381 383 384 386 387 390 391 393 396 398 399 403 405 409 410 416 419 420 421 423 424 425 428 429 430 431 432 436 437 439 440 441 443 445 446 447 448 449 450 453 454 456 457 461 466 468 469 474 475 480 484 485 491 495 508 509 510
LAOR 300 326
CCWGD 353 1000
LAOR 94 273
SM 23 38
OS 1 514 260 261 519 266 270 273 20 22 24 27 285 287 34 293 39 296 40 42 43 45 301 302 47 303 305 306 307 310 55 57 59 60 317 61 318 323 324 326 72 73 331 76 338 82 85 344 345 90 94 353 354 355 359 362 368 373 117 119 122 379 123 381 127 384 385 130 392 139 396 142 398 146 404 151 152 156 158 159 415 160 416 417 418 420 164 423 167 171 428 173 430 175 178 180 436 181 437 442 189 191 193 450 451 452 196 199 202 462 207 208 211 212 470 217 218 475 483 484 229 232 488 489 233 235 237 238 240 498 242 252 253 509
OS 256 138 122 460
OS 1 387 3 517 520 392 521 266 138 395 524 15 143 271 144 146 403 407 281 282 283 413 34 418 292 420 164 38 295 169 426 171 430 49 178 306 435 440 186 442 59 187 189 64 449 193 451 329 457 78 206 207 335 81 210 212 214 342 471 343 88 216 90 347 91 477 94 222 95 224 483 484 229 102 103 232 237 367 496 113 369 242 116 117 374 502 503 377 378 507 252
LAORC 99 415
SR 307 397
SM 506 27
OS 513 515 3 4 6 7 8 520 521 9 10 522 11 12 524 525 13 526 14 527 17 19 22 23 24 25 26 27 28 30 32 33 34 35 36 38 39 40 44 45 46 48 49 50 51 53 54 55 57 59 62 64 67 68 70 73 74 76 77 78 80 81 82 85 87 90 92 93 96 97 100 101 104 106 107 108 109 110 112 113 115 116 117 118 121 122 123 124 127 128 130 131 132 133 134 136 137 138 139 141 143 145 146 149 150 152 153 154 157 159 161 162 163 164 165 167 169 172 173 175 178 180 181 182 183 184 185 188 189 190 191 192 193 194 196 198 200 201 205 206 207 208 210 212 213 216 218 219 223 224 227 228 229 230 232 235 236 239 240 242 244 245 253 256 258 259 260 261 263 264 268 269 271 272 274 275 276 279 283 285 286 287 288 294 295 296 297 298 300 301 302 306 308 310 311 313 314 317 318 320 321 323 324 325 326 328 330 331 333 334 335 336 338 339 341 343 344 345 349 352 354 355 356 359 361 363 364 365 368 369 370 373 374 375 376 378 379 381 382 383 385 386 387 388 389 392 395 396 397 398 400 402 403 405 406 409 410 413 414 415 416 419 421 422 423 424 426 429 430 432 434 436 438 440 442 443 444 445 446 448 449 450 451 453 455 457 458 459 460 461 464 466 467 468 469 471 473 474 477 478 479 480 481 485 487 488 491 492 497 499 500 502 503 504 505 506 507 508 510
CCWGD 310 539
CCWGD 273 1000
CCWGD 136 1000
CCWGD 422 1000
CCWGD 61 1000
CCWGD 381 1000
LAOR 438 430
SM 231 411
LAOR 309 410
LAORC 31 382
LAOR 323 338
OS 3 392 265 527 145 280 411 413 414 287 416 33 292 293 44 173 45 430 52 311 184 185 315 188 320 449 322 324 452 199 459 204 462 336 83 340 84 214 470 472 478 226 101 488 360 361 105 489 106 111 240 369 370 119 505 379 383
LAORC 492 155
LAOR 266 14
OS 512 513 1 514 2 515 4 5 517 6 518 521 9 522 10 12 525 526 14 15 527 528 17 18 19 20 23 26 27 28 30 31 35 36 37 40 41 44 47 52 53 55 56 60 61 67 68 70 74 78 83 86 89 91 93 94 95 97 99 102 104 108 110 113 114 116 118 119 120 122 123 129 130 132 133 134 135 136 138 139 141 142 143 144 145 146 149 150 151 154 157 158 159 160 161 163 164 165 167 168 170 171 175 176 178 181 182 183 184 185 187 190 191 192 193 195 196 199 201 205 207 211 214 215 216 217 218 219 220 223 225 226 227 228 230 231 232 233 234 238 239 246 247 248 250 251 252 254 255 256 257 262 264 265 266 269 270 271 272 276 277 278 279 283 284 285 286 287 288 289 290 291 292 293 295 296 297 298 299 301 302 304 305 306 307 308 310 311 312 313 316 317 318 319 320 321 322 323 325 328 329 333 334 335 336 337 338 345 346 349 350 353 354 355 357 360 361 362 363 364 365 366 368 369 370 371 372 373 375 376 377 379 384 385 387 388 389 390 392 393 394 395 396 397 399 401 402 404 406 407 409 411 412 413 415 416 418 419 421 423 424 425 428 431 433 434 435 436 440 441 442 443 444 449 450 451 452 453 454 455 456 459 462 463 464 465 466 468 469 470 472 473 474 475 476 478 479 480 481 482 486 488 490 491 493 494 498 500 501 502 503 504 505 506 507 508 509 510
SR 65 432
SR 307 433
SR 14 481
CCWGD 331 1000
CCWGD 188 1000
SR 426 20
LAORC 12 267
LAORC 133 117
SM 202 254
SM 418 158
LAORC 59 164
SR 68 452
OS 512 513 2 3 4 517 5 518 6 519 9 11 523 525 13 14 15 16 17 19 22 26 27 28 31 32 33 34 37 39 42 45 48 50 51 54 56 59 60 63 64 67 68 70 71 72 73 77 78 80 81 82 83 85 87 88 90 92 94 96 100 101 102 104 105 106 107 108 110 111 115 116 117 118 121 124 125 126 127 128 130 131 132 134 135 138 139 140 141 146 148 149 150 151 153 155 160 162 164 165 166 167 168 171 172 173 175 176 177 179 180 181 184 185 187 188 189 191 193 198 200 201 205 206 208 213 215 217 219 220 221 222 224 225 226 227 229 231 232 238 239 242 243 244 246 247 248 250 257 260 261 263 264 267 268 270 273 275 276 279 283 284 286 287 289 291 292 293 294 295 296 298 300 301 303 305 306 309 310 311 314 315 316 317 321 324 327 328 330 331 333 335 339 340 342 344 346 348 349 350 351 352 353 354 355 357 359 360 362 363 365 366 367 369 371 374 375 378 379 380 381 383 384 388 389 391 392 395 396 398 400 401 402 403 404 408 409 411 412 413 417 419 422 424 425 427 432 433 434 438 439 440 442 444 445 446 449 450 451 453 454 458 462 463 465 466 471 474 476 478 480 481 482 483 485 486 487 489 491 492 493 494 495 496 499 500 502 504 508 510 511
LAOR 257 89
SR 274 12
SM 399 131
OS 1 3 4 5 517 519 520 521 10 11 12 525 15 16 528 17 18 20 26 33 34 36 37 38 40 44 47 51 52 61 62 68 71 72 73 74 75 77 85 90 91 96 97 98 102 106 108 109 113 115 120 122 125 126 127 128 129 130 132 138 141 142 145 147 151 152 153 156 159 160 161 162 163 166 167 168 172 173 174 175 176 178 179 182 184 185 188 191 192 193 194 196 200 201 204 205 207 208 210 211 212 214 215 216 220 221 225 226 227 232 235 236 238 239 240 241 244 245 246 249 253 255 256 257 258 261 262 264 267 268 269 271 272 273 274 275 278 284 288 290 294 295 296 298 299 300 302 304 312 318 320 322 327 329 330 332 334 335 336 338 339 340 341 343 344 345 349 352 355 356 359 360 361 363 368 370 371 374 384 387 388 392 396 400 402 403 409 413 415 416 423 424 427 428 429 431 435 436 439 440 444 446 448 451 462 466 471 472 473 476 478 480 486 487 488 491 492 493 495 499 500 503 504 507 510
LAOR 382 23
LAORC 432 460
SR 172 218
LAORC 333 253
LAOR 280 200
LAOR 519 237
LAORC 524 460
SM 299 131
LAORC 17 48
OS 514 3 516 517 519 520 8 521 9 11 524 14 526 15 528 16 17 20 21 22 25 26 30 34 35 36 37 39 43 45 46 47 50 51 53 55 60 62 64 66 67 69 74 76 77 78 79 80 81 84 89 90 91 94 96 97 98 100 101 102 103 105 106 108 109 111 118 119 123 125 127 129 130 131 135 137 141 142 145 147 149 150 154 158 160 163 165 167 172 173 174 175 176 182 184 185 187 190 192 193 194 196 197 202 203 205 206 208 209 211 214 217 222 223 224 225 228 230 232 240 247 250 252 253 254 255 256 260 264 265 266 270 271 272 275 278 279 280 282 284 287 289 290 292 293 294 295 297 301 302 303 306 307 309 310 313 314 316 319 321 324 325 326 329 331 338 343 346 347 348 349 352 354 355 357 360 367 368 371 373 374 375 382 384 385 386 389 390 392 394 396 398 399 400 401 403 405 407 408 409 410 412 413 416 417 418 419 420 422 423 424 425 426 428 431 432 433 435 437 439 440 444 445 447 450 451 452 455 458 460 463 464 465 466 468 469 470 471 475 476 478 479 482 485 487 488 490 491 492 495 496 498 501 507 508 510 511
CCWGD 43 654
CCWGD 152 1000
OS 3 5 517 518 7 8 520 521 9 10 523 12 525 15 20 21 23 25 27 29 30 31 36 39 41 45 46 47 51 53 54 62 65 66 68 71 75 77 84 91 94 96 101 108 109 112 114 116 117 124 127 128 129 135 136 138 143 144 152 153 154 160 168 169 170 172 173 177 183 185 188 191 194 196 198 200 201 202 203 206 209 210 211 212 220 221 225 232 233 237 240 241 248 251 253 254 256 258 261 266 274 275 277 279 280 283 284 285 286 289 290 293 297 300 302 306 307 309 312 313 319 322 323 328 331 333 334 338 340 342 344 345 346 348 349 350 351 357 359 360 363 364 369 372 375 376 387 389 392 394 395 396 398 400 402 411 412 415 416 417 418 421 422 423 424 425 426 427 429 431 433 435 436 437 442 443 445 446 447 448 452 454 455 457 458 459 461 462 463 466 470 474 476 477 479 483 484 488 489 492 494 502 503 504 507 510
CCWGD 29 1000
CCWGD 157 1000
CCWGD 402 1000
SM 318 203
SM 216 66
LAORC 105 112
LAORC 119 493
CCWGD 298 1000
LAORC 462 294
CCWGD 167 1000
LAORC 171 440
SM 79 524
LAOR 251 20
CCWGD 128 1000
CCWGD 105 1000
OS 1 513 3 517 5 8 9 10 522 11 13 14 15 528 17 19 23 24 25 26 28 29 33 36 37 42 43 44 47 56 60 62 66 67 70 72 73 74 75 76 79 81 82 84 85 87 90 91 96 97 101 103 104 107 110 111 112 113 115 117 123 125 127 130 132 135 138 139 140 141 142 147 152 154 156 158 159 164 165 170 171 172 175 176 180 182 185 187 189 194 195 196 198 200 202 204 205 208 221 222 223 224 226 227 228 229 233 234 235 241 242 244 245 246 249 250 251 252 253 254 255 256 258 259 262 263 266 267 270 271 275 276 278 280 284 289 293 294 296 298 299 300 301 303 304 307 308 309 310 312 314 316 317 318 322 323 327 328 330 332 336 338 339 341 344 349 351 354 356 357 358 360 361 362 365 368 370 374 376 377 378 383 384 388 390 393 394 395 396 401 403 404 405 406 407 409 412 416 417 418 419 424 426 427 428 429 430 433 434 435 436 440 442 443 445 446 447 449 451 452 454 459 460 461 462 466 468 469 470 471 474 477 478 480 481 484 485 488 490 491 492 495 496 498 499 501 502 503 504 505 508
SM 266 271
CCWGD 508 1000
CCWGD 520 1000
CCWGD 474 1000
SM 121 514
SM 385 398
SM 266 308
SM 138 518
SM 488 8
OS 260 516 5 263 8 522 268 525 527 271 272 278 23 282 284 30 287 32 288 33 291 295 296 297 43 299 300 306 56 59 316 319 72 331 75 76 77 333 334 335 337 84 340 344 345 347 348 92 93 95 352 97 99 357 104 105 364 365 111 374 379 381 126 127 383 131 132 389 135 398 401 146 147 149 151 161 168 425 426 175 434 180 181 438 183 185 186 442 446 191 448 193 449 453 201 207 463 208 214 471 216 472 480 225 483 228 230 488 237 238 494 495 496 241 242 498 500 502 255
LAORC 375 520
SR 171 339
LAOR 79 302
SR 478 381
LAOR 433 103
SR 465 232
LAOR 296 90
LAOR 353 298
LAORC 521 179
LAOR 528 344
LAOR 41 436
SM 519 69
LAORC 232 184
LAOR 69 283
CCWGD 272 1000
SR 524 458
OS 512 514 2 515 4 5 6 519 7 8 9 10 522 11 524 12 13 526 527 15 528 16 17 19 21 23 24 25 26 29 30 31 32 34 35 36 39 40 41 42 43 44 45 49 51 52 55 57 58 60 61 64 65 67 70 72 74 75 76 77 79 80 81 83 86 88 89 90 91 92 93 94 95 97 98 99 100 101 104 106 108 109 111 112 114 115 116 117 118 120 121 122 123 124 125 126 127 128 129 130 131 132 133 134 138 139 142 143 144 146 151 152 153 155 156 160 165 168 172 174 176 177 180 181 184 185 186 187 188 192 194 197 199 202 203 204 205 206 207 209 210 211 212 215 216 218 221 223 224 225 229 230 234 236 237 238 239 240 241 243 244 245 247 250 251 252 253 255 256 260 261 263 264 266 267 268 269 270 272 273 274 275 276 277 278 281 285 286 289 290 291 296 297 298 299 300 301 302 303 304 305 308 311 313 314 315 317 318 319 320 322 323 325 328 329 330 331 332 334 336 337 338 339 341 343 345 346 347 348 349 351 352 356 357 358 360 362 364 366 368 369 370 373 375 377 378 380 381 386 387 388 389 390 392 393 397 398 399 401 402 403 404 405 406 407 408 410 411 412 413 414 415 416 417 419 421 423 424 427 429 431 433 434 435 436 437 438 439 441 442 443 444 445 446 447 448 450 451 454 456 458 460 462 463 465 466 467 469 470 471 474 475 476 477 478 479 480 481 484 486 487 488 489 491 492 494 495 496 497 498 500 502 506 508 510 511
OS 513 2 515 4 516 518 521 10 11 524 15 16 17 18 24 29 30 33 37 40 41 43 44 47 48 50 51 54 58 60 62 65 67 68 70 76 81 83 84 86 87 89 92 93 95 101 102 104 105 109 110 113 114 118 125 128 130 133 139 140 141 142 143 146 151 152 156 157 158 160 161 162 163 165 167 170 176 180 185 187 188 189 192 195 196 199 201 202 203 204 206 209 211 213 215 216 217 220 222 224 225 232 238 239 240 243 244 245 247 248 249 250 253 254 256 257 258 260 262 263 269 271 274 278 279 280 281 283 286 287 289 290 292 293 294 295 296 298 299 301 302 303 304 308 311 312 313 316 319 321 322 323 326 328 330 332 333 340 343 345 346 347 348 354 355 356 357 358 359 362 364 366 367 368 373 374 375 376 380 381 383 384 387 389 395 396 404 405 409 415 418 419 420 422 426 429 431 432 433 434 437 439 442 443 445 447 448 449 450 458 459 461 462 464 465 466 467 468 469 472 473 476 486 488 490 492 493 495 496 497 498 499 500 502 503 504 505 511
SR 1 237
SR 339 140
LAORC 184 222
LAOR 351 171
SR 415 216
LAOR 193 289
CCWGD 265 1000
OS 512 1 513 4 518 265 267 525 270 271 15 274 276 280 24 284 288 289 35 36 38 40 296 42 298 300 301 45 302 48 306 51 308 310 58 62 318 63 322 69 70 72 77 78 335 336 338 340 87 346 92 358 359 103 104 362 107 363 365 368 374 381 385 130 391 393 137 138 395 141 142 147 403 153 409 410 154 160 421 165 423 428 173 430 175 433 435 180 439 185 441 187 443 190 449 451 452 198 455 456 458 203 460 462 210 468 475 477 223 224 481 225 226 227 487 490 236 495 239 500 246 505 250 252 508 510
SR 204 472
CCWGD 82 1000
SR 509 37
LAOR 490 292
LAOR 505 375
OS 512 514 516 517 519 9 10 522 13 15 16 17 18 19 22 23 27 29 32 33 36 37 39 41 43 46 48 49 54 55 56 60 64 66 67 70 71 74 79 82 83 89 90 93 94 95 100 102 104 107 108 111 112 114 115 119 120 122 126 128 129 131 135 139 143 144 151 154 155 157 158 159 161 162 163 164 165 166 170 171 172 176 177 179 180 184 185 186 187 189 192 194 196 199 201 204 206 207 208 209 211 214 215 217 219 220 222 224 226 236 239 242 243 246 248 249 250 251 253 254 257 258 259 260 262 264 265 268 269 272 278 279 280 283 285 286 288 289 290 291 293 294 296 297 300 304 305 308 309 315 319 320 323 324 325 327 328 332 335 339 344 346 348 349 358 359 360 362 363 365 366 369 384 386 388 389 392 393 394 397 398 400 406 408 410 412 414 415 416 418 420 421 422 423 426 427 428 429 431 432 434 435 439 440 441 444 445 447 448 450 453 456 457 459 460 461 462 464 465 466 467 468 469 471 472 473 474 476 477 479 482 484 487 488 489 490 491 493 497 504 506 508 511
SM 195 269
OS 1 2 515 516 4 519 520 9 521 10 11 13 525 526 16 528 17 18 21 25 28 30 31 32 33 38 40 43 44 49 51 52 55 56 58 60 61 62 63 65 66 69 71 72 73 74 75 77 79 80 84 85 86 88 90 91 93 94 95 97 100 102 103 105 107 108 109 111 113 117 120 121 128 129 132 133 134 135 137 138 142 143 144 147 149 150 151 152 153 154 155 161 162 163 165 167 169 170 175 183 184 185 187 191 193 195 197 205 207 209 211 212 214 215 216 217 218 219 220 222 223 226 227 228 230 231 234 237 240 241 244 248 249 250 254 257 258 259 261 262 267 268 269 271 273 276 278 281 282 284 285 286 288 289 293 294 296 297 298 299 300 301 302 304 305 306 307 308 309 310 313 315 317 318 320 322 323 324 325 326 329 333 335 336 337 339 343 345 350 351 352 354 357 358 360 363 367 368 369 374 375 382 386 387 388 389 391 392 393 395 396 398 399 402 403 407 408 409 410 419 421 428 433 435 436 437 438 447 449 450 451 454 455 456 459 464 465 466 468 469 471 472 473 474 475 477 479 481 482 483 484 486 487 489 491 493 495 497 499 500 502 503 504 505 506 509 510
CCWGD 465 1000
SM 527 395
SR 169 171
LAORC 305 138
SR 301 322
CCWGD 18 1000
SR 308 500
CCWGD 476 1000
SR 11 162
OS 258 514 515 260 261 517 7 520 521 265 266 526 528 273 17 274 275 21 23 24 281 283 284 28 286 30 287 288 35 36 293 294 39 41 42 299 300 303 305 50 306 51 52 309 310 56 313 316 60 61 317 326 70 328 330 331 76 77 333 335 80 336 81 341 342 87 345 346 347 92 348 349 94 352 353 354 98 358 102 104 105 107 365 370 116 372 117 375 376 123 125 382 127 132 135 393 138 396 141 397 145 402 406 150 409 410 411 156 417 419 420 422 168 426 171 427 172 174 177 435 436 183 187 445 446 191 193 194 450 200 201 203 460 462 208 211 212 469 471 472 216 474 219 475 222 223 480 481 482 483 484 229 487 231 232 234 491 236 237 497 498 245 501 505 509
LAOR 152 418
SR 355 256
LAORC 152 101
OS 257 259 4 5 518 6 263 7 521 10 266 11 523 526 15 528 273 18 274 276 277 21 22 25 281 282 283 284 286 287 38 41 297 298 300 46 47 50 307 312 57 313 61 318 62 321 67 69 70 326 329 331 332 77 333 78 337 82 338 339 83 84 340 342 343 88 92 349 94 95 353 98 100 359 105 362 106 363 365 109 366 367 112 115 372 116 119 376 121 377 378 126 382 127 128 131 388 132 389 390 134 392 136 393 137 139 142 398 143 400 402 404 149 405 406 150 409 410 155 412 415 160 417 418 163 421 427 172 429 431 182 438 442 187 443 188 189 445 191 448 449 451 196 197 199 201 458 203 459 460 461 206 463 208 467 212 214 215 216 475 220 221 478 224 481 482 226 484 487 489 493 494 496 245 246 502 247 248 249 250 251 252 510 255 511
SM 456 340
OS 257 1 514 259 515 260 261 5 6 262 519 520 265 521 13 526 271 16 528 272 273 17 18 19 20 278 23 29 285 287 31 288 34 291 35 36 292 293 39 297 300 48 307 52 54 55 317 318 68 69 326 72 73 74 330 77 335 80 336 81 337 338 339 342 86 343 89 90 91 92 349 94 97 98 99 100 102 103 104 105 365 366 112 113 370 115 372 117 118 374 119 120 123 380 381 127 128 385 129 387 388 132 133 134 391 136 139 396 140 141 397 142 399 400 145 403 149 407 152 153 411 412 413 416 160 417 420 165 423 167 425 171 428 172 173 430 178 435 179 436 440 185 187 444 190 446 191 193 450 453 197 454 198 201 202 203 461 205 463 208 467 212 216 474 475 476 221 478 479 480 226 489 234 237 493 494 240 497 499 245 502 247 507 508 252 509 510 254 511
OS 512 514 3 515 4 517 5 521 9 10 522 523 11 12 525 13 14 527 15 16 528 18 19 22 23 24 25 28 30 31 36 37 38 39 40 41 42 44 45 47 49 52 54 56 58 60 61 62 65 66 67 70 73 77 78 80 81 83 84 86 87 89 91 92 93 97 100 101 103 104 105 106 107 108 110 113 118 120 121 122 123 124 125 127 128 129 130 131 132 134 135 136 137 138 139 141 147 148 152 153 155 158 159 160 161 162 164 166 169 170 176 178 180 181 182 184 185 188 189 190 191 192 196 197 198 201 202 203 206 209 210 211 212 213 215 218 219 220 221 224 225 227 229 230 232 234 235 237 238 239 242 243 244 245 247 248 249 250 251 252 253 255 257 258 260 262 265 266 267 268 269 270 271 272 273 274 277 278 279 280 281 282 283 285 286 287 288 290 291 292 293 294 295 296 301 302 304 305 306 308 309 310 312 313 314 317 319 320 322 323 324 326 329 330 331 332 333 338 340 341 342 343 345 347 348 350 354 355 356 357 358 359 360 361 363 365 366 367 368 369 370 372 374 376 377 378 380 383 385 388 389 390 392 393 394 400 401 403 404 410 412 415 416 418 419 420 421 422 424 425 426 427 430 432 433 434 435 436 438 439 440 441 442 446 447 448 449 450 451 453 454 456 457 459 460 463 465 466 468 469 472 474 475 476 478 479 480 481 482 483 484 485 486 488 492 493 494 495 496 497 498 501 502 504 505 506 508 510
OS 1 515 516 517 5 519 520 8 9 11 15 18 19 22 26 27 28 33 35 40 41 42 43 45 46 47 48 51 52 53 54 56 57 58 61 65 67 68 70 72 74 76 82 83 90 91 92 93 96 104 105 110 111 118 119 120 121 125 126 127 129 132 134 135 136 148 153 155 156 158 159 160 162 164 165 167 168 169 175 176 178 179 182 184 185 189 191 192 193 196 201 202 203 206 208 210 214 216 219 221 222 223 224 227 228 232 233 234 238 241 244 246 250 251 254 259 260 263 264 266 267 269 272 278 279 282 283 284 285 286 289 294 295 299 300 301 302 303 304 306 309 310 315 318 321 322 326 327 328 329 333 335 336 337 342 345 346 347 348 350 351 354 355 359 360 364 365 368 369 372 373 377 379 381 385 387 390 392 393 395 396 397 398 400 401 403 405 412 414 417 419 421 426 428 430 433 434 436 437 439 443 446 447 458 460 462 463 466 470 471 476 478 489 491 496 497 504 505 507 508
LAORC 126 221
CCWGD 342 1000
LAOR 301 202
LAOR 412 97
LAOR 440 523
LAOR 363 359
SR 16 66
CCWGD 263 1000
LAOR 329 515
LAORC 483 240
OS 386 130 3 131 4 5 517 6 521 137 10 13 141 528 401 274 275 404 278 23 409 156 158 416 32 419 164 424 40 427 172 44 173 303 178 307 435 186 444 317 190 64 321 323 67 196 453 199 458 330 81 211 340 468 343 88 216 475 91 476 348 479 97 353 357 486 103 488 106 235 107 109 493 111 368 496 369 115 371 500 245 373 374 376 121 507 508 253 126 383
CCWGD 118 680
OS 512 1 515 4 517 518 7 521 9 265 266 523 13 269 14 15 528 273 22 23 24 282 29 32 289 292 38 295 41 297 42 43 300 302 303 305 50 51 308 53 55 312 57 314 58 60 63 320 65 322 325 327 328 73 75 331 76 77 333 83 340 341 85 342 347 349 350 97 354 355 100 101 362 367 112 113 115 118 374 376 120 379 381 382 127 129 130 391 392 395 142 400 145 405 406 154 411 156 413 158 159 415 416 417 419 165 422 169 427 428 429 430 175 176 177 435 436 181 182 186 443 444 190 446 447 191 449 198 456 459 203 464 209 467 468 469 213 214 215 216 473 218 475 220 477 222 225 226 482 227 228 486 487 490 234 491 494 495 248 505 511
LAORC 130 157
LAORC 452 485
LAORC 520 114
SR 332 305
SM 311 429
SR 142 466
CCWGD 429 1000
SM 475 124
SM 496 340
OS 256 353 194 523 396 308 501 312 153 505 187 189 477 190 191
OS 512 1 513 2 515 516 5 8 520 10 522 523 11 12 526 14 16 17 21 22 27 29 30 31 32 37 47 50 53 54 58 59 60 61 62 63 65 66 67 71 75 76 82 84 89 91 95 96 97 101 102 107 108 109 110 112 113 117 122 124 125 128 129 131 132 135 136 138 139 141 142 143 144 145 148 150 152 154 155 156 160 163 164 165 168 171 175 177 178 183 185 186 188 191 194 198 202 203 204 205 207 209 215 216 217 218 219 221 222 223 224 225 226 230 231 233 234 235 236 238 240 243 246 248 249 250 251 253 255 256 263 265 269 275 277 279 283 285 286 288 290 292 295 296 299 302 304 305 306 307 308 309 310 311 317 318 319 321 323 324 327 328 330 332 343 344 346 350 351 352 353 354 355 356 357 361 363 365 366 369 373 379 384 385 389 393 396 397 398 406 407 408 410 415 417 418 420 421 425 427 429 433 434 436 437 441 442 443 446 448 450 451 452 453 456 457 458 459 460 462 463 466 469 470 472 475 477 478 480 483 484 487 488 490 492 497 498 501 502 503 505 510 511
CCWGD 276 1000
LAOR 96 367
LAOR 483 95
LAOR 476 15
OS 513 2 516 517 6 518 7 519 520 9 521 522 11 524 12 525 526 527 15 16 528 17 18 19 21 23 24 27 28 29 31 32 34 36 38 42 45 47 48 50 51 54 56 57 58 60 63 64 66 67 68 72 74 75 77 78 80 81 82 86 87 90 91 92 98 99 100 103 105 106 108 109 111 112 113 114 115 116 118 119 120 121 122 123 124 126 127 131 136 139 140 141 143 144 145 146 148 150 152 154 155 156 164 167 173 176 177 179 180 184 185 187 189 190 194 196 199 200 201 202 204 205 206 207 209 211 212 213 215 216 217 218 221 222 227 229 230 231 233 234 241 242 244 246 247 248 249 250 253 254 255 256 261 263 264 265 267 268 269 270 271 272 274 277 279 280 281 282 283 285 289 290 292 293 295 296 298 303 304 310 311 312 313 314 317 319 321 325 326 327 328 329 331 332 334 336 339 340 343 344 346 349 350 351 353 356 357 361 362 363 364 367 369 372 373 376 377 378 380 381 384 386 388 389 393 396 400 401 402 403 404 408 409 411 412 413 414 417 418 419 420 421 423 424 425 426 427 428 431 434 436 437 441 443 445 446 448 449 450 454 458 460 461 463 465 466 469 472 474 475 477 480 482 485 486 487 488 489 490 491 493 494 498 502 503 504 506 508 509 511
LAOR 16 481
LAOR 21 352
LAORC 17 173
LAOR 78 157
LAOR 500 144
LAOR 243 242
OS 512 516 4 5 6 519 7 520 8 9 521 10 522 523 12 524 13 15 528 16 17 20 21 23 24 25 27 28 29 30 31 34 36 39 41 42 44 46 47 48 52 53 57 58 61 66 67 68 69 70 73 74 75 76 77 80 82 83 84 86 87 88 89 90 91 92 94 96 104 105 107 108 109 111 115 116 118 120 124 125 126 127 128 129 130 132 133 135 136 138 139 141 142 145 147 148 149 151 152 154 155 157 158 159 160 164 165 166 168 169 171 172 176 183 184 187 188 189 193 196 199 207 208 212 213 216 218 219 221 222 223 224 225 226 232 234 236 237 238 239 240 241 243 244 248 251 252 253 255 257 259 260 261 265 266 268 269 270 271 272 273 274 279 280 282 283 284 285 287 288 294 295 296 299 301 302 303 307 309 310 311 313 314 318 321 322 324 325 330 332 333 334 335 337 340 341 342 343 344 345 346 348 349 351 352 354 356 358 359 360 361 362 364 365 369 370 371 373 374 375 378 379 380 381 382 383 385 387 389 390 391 395 396 397 398 399 401 403 405 406 407 410 411 413 414 420 421 422 423 424 425 426 427 428 429 439 440 441 443 444 445 447 448 449 455 457 461 462 464 465 466 471 472 473 475 479 480 481 482 483 486 490 493 494 496 499 500 501 502 506 507 509
LAOR 382 282
LAORC 526 78
LAOR 415 311
CCWGD 268 1000
OS 515 3 4 5 518 7 8 9 10 523 12 524 13 525 527 16 17 19 20 21 24 26 27 28 29 31 32 33 34 35 36 38 39 41 43 46 47 48 49 50 53 56 57 60 62 64 66 67 68 69 70 71 72 73 75 76 78 79 80 83 85 86 87 88 90 91 95 96 98 99 102 104 106 107 109 110 111 112 114 115 118 119 121 122 123 124 126 128 129 130 131 132 133 135 136 137 138 140 142 145 148 150 152 154 155 156 157 158 159 161 164 165 168 170 171 172 176 177 178 180 181 182 184 185 186 187 188 191 193 195 197 198 199 202 203 205 207 208 212 213 215 217 218 219 220 221 223 224 225 226 227 230 232 233 234 235 236 239 243 245 248 251 252 253 254 255 256 257 259 262 264 265 266 267 269 271 272 273 274 275 280 281 284 285 286 289 290 291 294 296 297 299 300 302 304 306 308 309 312 313 314 315 316 317 318 319 320 321 328 329 330 331 334 335 338 339 340 342 343 346 347 348 349 350 352 354 355 361 362 363 364 365 369 370 371 372 373 377 378 379 385 387 389 391 392 393 395 396 399 400 402 404 406 408 409 410 411 415 416 417 419 422 423 425 426 428 430 431 432 433 436 442 444 446 450 451 452 453 455 457 458 459 460 462 466 467 469 471 477 479 481 483 486 487 488 491 493 495 496 498 502 504 506 508 509 511
LAORC 315 437
CCWGD 127 1000
LAOR 282 358
LAOR 284 357
LAOR 126 213
LAORC 10 61
SR 45 271
SR 64 374
OS 512 516 518 7 519 8 520 521 9 522 523 11 525 17 18 23 24 29 34 42 44 46 47 50 51 53 56 57 59 60 63 66 68 69 70 71 72 73 75 77 79 81 86 90 91 96 97 98 100 101 102 104 106 107 108 113 115 117 119 120 123 124 125 131 133 134 140 141 142 144 145 146 149 150 153 155 156 157 158 160 162 163 165 171 173 175 178 180 181 184 185 188 189 190 191 194 196 197 199 200 201 202 203 204 206 208 209 210 211 216 219 220 221 224 229 231 233 234 237 240 241 244 245 246 247 248 249 252 254 257 262 263 266 267 272 274 275 278 282 283 286 289 290 292 296 297 298 302 309 311 314 315 318 319 320 322 326 328 329 333 334 335 336 339 340 341 345 352 353 357 358 360 361 362 363 364 366 372 374 375 376 377 380 381 382 384 386 389 391 392 394 395 396 397 398 399 400 401 402 404 406 407 409 411 412 415 423 424 425 428 430 431 432 433 436 439 441 443 444 446 448 451 453 454 456 457 459 463 464 468 471 472 475 477 481 482 483 486 489 491 495 496 497 499 500 501 502 504 506 509 510
SM 81 348
SM 315 221
CCWGD 509 877
SM 112 300
CCWGD 350 1000
CCWGD 200 1000
LAOR 342 259
LAORC 243 448
LAOR 219 528
OS 128 1 2 133 517 519 263 136 264 265 522 267 12 397 15 527 146 405 149 277 407 152 153 282 27 413 158 36 164 169 41 299 431 178 307 179 180 309 312 447 65 193 323 68 325 197 71 329 457 74 75 204 77 80 337 209 211 340 215 90 346 91 348 93 223 224 96 353 226 354 228 102 358 487 232 109 365 494 112 370 242 245 502 248 505 125 382
OS 513 514 2 516 4 5 7 8 524 525 526 527 16 19 20 21 23 24 25 28 29 35 36 37 38 39 40 43 44 45 47 49 50 51 52 53 54 55 56 58 60 64 65 66 67 68 70 71 73 74 75 76 79 81 82 83 87 88 90 91 92 94 96 97 98 99 100 101 102 103 104 105 106 107 108 109 111 112 114 117 120 124 126 127 130 135 136 137 138 139 140 141 142 144 145 146 147 148 150 152 153 154 155 156 157 158 159 160 162 163 164 166 170 173 175 177 180 182 185 187 190 191 192 194 195 196 197 201 202 206 207 208 209 210 211 212 213 215 216 217 218 219 220 221 222 224 225 226 229 233 234 235 236 238 240 242 243 245 248 249 251 252 253 255 256 257 258 261 263 264 267 268 269 273 275 277 281 282 283 285 287 291 292 298 299 300 303 304 305 306 310 311 314 316 317 318 319 321 330 332 333 334 337 338 339 342 344 345 347 350 351 352 353 354 357 359 360 361 362 363 366 367 369 370 371 372 373 374 375 377 378 379 380 381 382 384 385 387 388 390 391 393 394 397 399 400 401 402 404 405 406 407 408 410 412 415 417 418 419 421 422 423 425 427 428 429 430 431 432 433 434 435 437 439 440 443 444 445 446 448 450 452 453 454 455 457 460 461 463 464 465 466 468 469 470 472 473 475 477 478 480 483 485 487 489 492 494 495 496 497 498 501 502 503 504 506 507 508 509 510
CCWGD 267 577
LAOR 10 307
SR 479 298
OS 512 3 516 517 518 7 519 8 521 522 10 523 524 12 14 15 16 18 19 31 32 33 34 36 38 39 40 41 42 43 44 46 47 48 50 51 54 58 59 60 62 64 65 66 72 75 81 82 84 85 86 87 88 91 92 93 95 96 99 100 101 104 110 113 117 118 119 123 124 125 128 129 131 134 135 137 138 139 140 143 144 146 147 148 150 156 157 158 159 160 163 171 180 183 184 188 190 191 192 195 197 200 201 203 205 206 210 212 214 215 216 218 220 222 224 226 227 233 235 236 237 243 244 245 252 256 263 265 267 269 270 274 275 277 278 280 281 283 285 286 287 289 290 291 292 295 297 298 300 301 302 305 306 308 309 312 313 314 316 317 318 319 322 323 324 329 330 332 334 335 341 347 350 351 352 353 359 360 361 364 365 366 368 370 380 386 388 390 393 398 400 401 402 403 407 409 414 415 424 426 427 431 432 433 439 440 442 443 445 446 450 451 456 458 459 461 463 464 467 468 473 479 480 481 484 488 490 492 495 497 498 502 505 506 508 509 511
OS 512 1 513 514 2 515 516 4 517 6 518 519 7 8 521 10 11 523 524 13 526 14 527 15 17 18 19 22 23 24 25 26 27 29 32 33 35 36 37 38 39 41 42 43 48 50 51 53 56 57 58 60 61 62 64 66 67 68 69 70 75 76 77 78 79 82 83 86 88 89 90 91 94 96 97 99 100 101 102 104 106 107 108 109 110 112 113 115 116 117 121 122 123 126 128 129 130 133 134 137 139 141 142 143 144 145 147 148 152 154 156 157 161 162 163 164 165 168 169 171 172 173 174 175 176 177 178 183 185 186 188 189 191 192 195 196 197 199 200 201 203 204 206 208 210 211 212 213 214 216 217 220 221 222 225 227 229 230 233 235 236 237 238 240 243 244 248 250 252 253 259 261 265 266 267 268 269 270 271 272 273 274 275 276 278 280 281 283 285 287 288 290 292 293 294 295 300 301 302 303 304 307 309 311 312 313 314 315 317 318 320 321 322 323 325 326 327 328 329 330 331 332 334 335 336 341 342 343 344 345 346 347 349 350 351 352 356 358 360 362 364 365 366 368 370 373 375 376 378 382 383 384 385 387 389 390 391 394 395 396 398 399 401 402 403 406 407 409 410 411 412 414 415 416 417 419 420 422 423 424 426 427 428 431 433 434 437 438 441 445 446 448 449 451 452 454 455 457 458 459 460 461 463 464 465 469 470 474 475 477 479 480 481 482 483 484 485 486 487 488 489 490 491 492 497 500 501 502 504 505 508 511
OS 514 259 261 262 393 138 10 396 141 526 398 15 400 273 147 279 23 156 414 286 31 32 289 37 171 301 45 431 49 437 54 439 313 185 186 316 191 63 449 322 66 196 454 456 459 333 206 207 463 464 336 337 338 466 212 470 347 348 94 479 480 353 483 102 232 238 110 367 496 497 117 504 248 122 379 507 123 381 125 254 126
OS 512 515 516 4 5 6 518 519 7 520 8 11 525 527 16 528 18 19 21 23 26 27 29 32 34 36 37 38 39 40 50 52 53 54 56 57 58 64 65 66 68 69 70 71 72 73 77 83 84 86 88 89 90 94 95 96 97 102 109 113 114 116 118 120 121 122 123 124 125 126 127 128 130 134 135 137 138 139 140 143 144 147 151 152 154 155 156 158 159 160 161 162 163 166 168 169 170 171 172 173 174 175 176 179 181 184 186 190 192 196 199 200 201 203 204 205 206 207 209 210 211 213 214 215 216 217 218 219 221 225 226 228 231 232 233 237 238 239 241 244 245 246 248 249 250 252 253 254 257 258 259 260 261 262 263 264 265 267 271 274 275 276 277 278 281 282 293 295 298 300 303 305 306 307 312 315 319 321 322 325 326 328 329 330 332 333 334 336 337 339 340 341 342 344 347 348 349 350 351 353 354 362 364 366 367 371 372 376 377 379 380 381 382 386 388 389 395 397 401 403 406 413 414 416 417 418 419 420 421 422 425 426 427 429 430 434 437 438 439 441 443 444 445 447 450 452 453 454 459 461 462 465 466 470 472 474 476 477 478 480 482 484 485 486 487 493 494 495 499 500 501 502 504 505 506 508 511
LAOR 249 504
SR 82 415
OS 514 2 517 519 8 520 9 10 523 12 13 525 14 526 528 18 23 24 25 26 27 29 31 32 37 39 40 46 49 54 56 58 59 60 61 65 66 71 73 75 76 78 79 80 86 87 89 90 91 97 103 104 105 106 114 117 118 119 121 122 126 127 129 130 131 132 134 135 136 137 139 140 142 143 144 145 147 148 150 152 153 155 158 160 164 167 168 169 173 174 176 177 178 180 181 184 185 188 189 191 192 193 194 198 200 201 204 205 210 215 221 222 224 226 228 230 233 234 235 236 237 239 240 241 243 245 246 247 250 251 252 253 258 261 265 271 273 280 281 283 290 292 297 299 304 305 307 309 312 313 314 315 319 321 322 324 327 328 329 332 335 336 340 342 343 344 347 348 349 353 354 355 356 357 359 360 364 366 369 370 372 373 374 377 380 384 385 387 388 390 391 392 393 395 401 402 403 405 409 410 411 415 417 419 422 423 424 428 430 431 432 433 435 438 440 442 443 452 453 454 456 458 459 460 462 463 466 468 469 475 476 478 479 480 485 492 493 495 496 497 498 499 503 504 505 506 511
OS 512 513 1 514 2 3 515 516 5 6 7 520 8 9 521 522 11 523 524 13 525 526 527 15 528 16 18 19 20 21 22 23 24 27 28 29 30 31 33 34 35 36 37 38 39 40 41 43 44 45 48 50 51 54 55 58 59 62 64 66 71 74 75 76 77 79 82 88 89 90 91 93 94 95 96 97 101 102 103 107 108 111 112 113 114 117 118 120 121 122 123 124 125 126 128 130 131 133 136 138 140 142 143 144 145 146 147 148 150 151 152 153 155 156 157 161 162 164 165 166 169 170 171 172 174 175 176 177 179 180 183 185 186 192 194 195 196 197 198 199 200 201 202 204 205 206 207 208 211 212 213 215 216 217 218 219 220 222 227 228 230 231 232 233 234 235 236 238 239 241 245 246 247 248 249 250 252 254 255 259 260 261 262 264 265 267 269 271 272 274 277 279 280 282 283 284 285 286 288 290 292 294 296 300 301 302 303 304 308 315 317 319 321 322 323 324 325 326 327 328 329 330 331 334 335 336 339 340 341 342 343 344 345 346 347 350 351 352 353 354 356 357 359 360 361 363 364 365 366 367 368 374 376 377 378 379 380 381 383 384 387 390 391 392 397 398 399 400 402 404 405 406 407 408 409 411 412 414 417 418 419 421 422 424 425 427 431 432 437 439 441 442 443 445 446 447 449 450 451 452 453 454 456 457 458 459 460 462 463 464 465 466 467 470 471 473 474 476 477 478 479 480 481 482 483 484 486 487 488 489 491 492 494 495 497 498 499 500 502 504 506 509
LAORC 489 240
LAOR 200 206
CCWGD 182 1000
OS 257 129 4 260 390 137 266 524 397 16 144 17 273 22 281 25 410 283 28 412 286 415 289 161 165 422 169 170 42 171 429 301 303 304 179 58 444 319 449 69 199 455 75 460 462 210 211 340 88 91 349 94 479 223 97 103 109 494 498 118 375 377 507 382 255
SM 96 509
SR 448 327
LAOR 119 362
LAOR 258 422
CCWGD 55 1000
SM 264 196
SR 43 380
OS 512 2 515 516 5 6 7 519 520 8 9 522 11 523 12 524 13 14 16 528 19 27 31 34 35 36 40 41 42 43 44 45 46 48 49 50 51 53 54 55 56 58 60 64 65 68 69 74 75 79 80 81 82 84 85 86 88 89 90 92 93 96 97 100 101 103 105 106 110 111 112 114 115 117 118 119 120 121 122 123 124 125 127 128 130 131 133 135 136 137 139 140 144 145 146 147 148 149 151 152 153 155 156 157 158 160 164 165 166 167 169 170 171 172 174 176 177 178 179 184 185 186 187 188 190 191 194 196 198 200 202 203 206 207 209 211 212 214 216 217 218 219 224 225 226 227 229 232 234 236 237 238 239 240 242 243 244 246 248 249 250 252 253 255 256 257 258 260 262 263 264 267 276 277 280 281 285 286 288 290 293 295 296 298 299 301 302 303 304 305 308 310 312 313 314 316 319 320 321 323 325 326 327 328 331 333 334 336 337 338 341 342 344 345 346 348 349 351 352 354 355 357 358 360 361 362 363 366 367 369 370 372 373 374 375 376 379 380 381 382 383 385 386 387 389 390 391 393 394 396 398 402 404 406 407 410 411 413 417 418 419 422 423 424 426 427 428 431 433 434 435 436 438 441 442 443 445 446 447 449 452 454 455 456 457 459 461 462 465 466 467 468 469 470 471 474 478 482 484 485 491 492 494 498 499 503 504 505 507 508 509 511
LAOR 255 23
SR 325 196
SM 368 243
LAORC 300 274
LAORC 23 201
LAOR 122 284
OS 1 514 515 516 6 519 520 10 12 14 526 528 21 23 26 28 29 30 31 33 41 43 44 45 49 50 53 54 55 58 60 68 69 71 75 81 82 83 86 88 90 91 92 95 98 99 101 102 103 105 109 111 112 113 119 129 131 132 135 136 137 142 143 144 145 148 151 152 155 157 163 164 169 172 174 176 179 182 185 186 188 190 191 192 193 195 196 198 199 200 201 202 203 210 212 213 215 217 219 221 222 223 224 227 228 233 235 237 239 240 243 245 247 248 250 259 262 263 264 265 267 271 274 275 276 277 278 279 280 282 283 284 290 293 294 297 303 304 305 306 307 308 311 313 316 318 319 322 323 324 326 328 329 330 331 335 340 341 344 353 354 355 357 358 359 363 365 367 373 376 379 380 381 382 384 388 390 391 395 397 406 412 414 415 416 418 420 421 427 429 431 434 438 440 441 442 447 448 453 454 460 462 464 466 469 474 475 482 485 487 488 490 491 493 497 498 499 500 501 503 505 506 509 510 511
OS 256 258 260 5 265 10 522 267 268 269 14 15 16 273 19 276 279 24 280 25 282 284 291 37 295 40 298 44 47 48 49 50 309 310 54 311 313 58 59 316 61 317 318 66 68 70 326 71 76 333 80 339 83 84 86 343 88 89 348 96 354 99 100 358 102 360 110 367 368 112 114 373 118 121 378 122 381 382 384 388 392 136 137 138 394 396 140 400 145 402 146 148 406 151 153 412 157 418 420 421 424 168 425 171 175 177 434 436 437 438 182 439 441 186 443 188 192 193 195 200 457 202 203 205 462 465 215 216 472 473 474 218 220 477 223 480 225 485 233 238 242 498 500 504 505 509 255
SM 194 312
SR 144 110
OS 514 260 4 261 262 519 520 8 265 9 521 10 11 267 524 269 271 17 273 19 277 279 280 24 283 28 29 286 30 31 32 34 35 38 41 298 44 303 47 305 310 311 55 312 313 58 314 59 60 61 317 318 62 319 63 65 322 68 324 70 327 330 331 77 81 84 341 342 346 90 348 353 354 101 358 102 103 104 105 107 109 367 112 115 372 117 118 374 375 377 121 379 380 126 128 384 387 389 133 390 391 137 394 139 396 398 399 400 401 145 404 406 409 410 156 413 414 159 161 162 164 166 423 168 426 429 174 430 175 432 435 437 183 439 440 441 186 189 445 190 446 447 192 193 451 198 454 455 458 203 462 207 208 470 472 473 218 474 477 221 479 223 480 225 482 489 492 494 240 496 242 500 245 501 246 247 507 508 252 255 511
CCWGD 329 1000
SR 96 277
SM 249 202
CCWGD 432 1000
SR 512 296
LAORC 238 124
SR 217 288
OS 512 514 516 5 518 8 9 10 523 524 526 14 528 17 19 20 21 22 24 25 26 27 28 29 31 32 33 34 35 36 37 38 39 40 41 42 43 46 48 50 51 53 54 56 57 62 64 65 67 68 72 76 77 79 82 83 84 85 87 90 92 93 94 98 99 100 101 104 107 111 113 114 116 117 118 120 121 122 126 127 129 130 131 133 135 138 139 142 145 148 149 150 151 154 155 157 158 160 161 163 164 165 168 170 172 174 176 177 179 183 185 186 188 189 190 192 198 199 200 201 202 204 205 206 208 209 210 213 214 215 216 217 218 220 223 224 226 229 230 232 234 235 237 243 244 245 246 247 250 251 252 254 255 256 259 260 261 264 265 267 270 274 276 277 279 280 281 282 284 285 287 288 290 292 294 295 296 297 298 304 305 306 309 310 312 316 318 320 321 323 324 326 327 328 329 331 332 333 334 335 336 337 339 340 341 343 344 345 347 348 349 350 351 352 355 357 358 360 361 362 366 367 369 370 371 376 377 383 384 385 386 387 388 389 390 392 393 394 398 399 400 401 402 403 404 405 407 408 409 410 413 414 416 420 421 423 426 427 429 430 436 437 440 441 442 444 445 448 449 450 451 453 456 457 461 463 466 467 469 470 471 472 474 475 476 478 479 480 481 482 483 484 485 486 489 491 492 495 497 498 499 502 503 506 507 508 509 510 511
SM 373 457
SM 240 325
SR 433 23
SR 278 139
SR 130 482
LAORC 436 494
LAOR 364 443
SR 436 79
LAOR 88 444
CCWGD 204 1000
CCWGD 325 1000
CCWGD 115 1000
CCWGD 489 1000
SR 312 134
OS 256 513 514 515 516 5 261 262 7 519 264 8 265 267 523 527 271 16 272 18 275 20 276 21 23 25 27 28 284 29 287 33 289 291 36 37 39 43 299 45 301 46 303 304 49 50 51 52 54 311 313 58 314 315 59 62 319 321 324 68 328 73 329 74 75 332 77 79 337 82 338 83 340 86 90 346 349 350 351 96 352 97 353 98 99 100 358 360 363 107 365 110 367 112 368 370 371 373 117 376 120 377 121 123 380 382 386 130 387 390 135 394 139 397 401 146 405 149 409 410 155 412 414 159 415 166 423 424 169 426 171 427 172 174 434 435 437 183 441 443 189 449 450 195 196 452 198 200 201 459 204 461 465 466 210 468 213 470 214 471 472 216 474 221 223 479 481 482 227 484 485 231 232 234 240 496 497 498 504 248 249 250 251 508 509 254 510 255 511
SR 80 409
CCWGD 477 1000
LAORC 428 378
SR 308 494
SR 472 138
LAOR 323 255
OS 513 1 2 515 5 6 518 7 521 10 522 11 14 527 15 18 23 24 28 30 32 35 36 47 48 50 58 59 68 69 73 75 76 78 79 82 89 90 99 103 104 108 109 111 115 119 121 122 123 126 134 135 138 139 142 144 147 149 151 152 157 158 160 162 164 166 167 172 173 178 180 183 185 187 190 192 193 195 196 197 202 203 204 209 213 216 218 221 223 225 226 237 238 242 246 249 250 252 253 255 260 261 262 264 265 268 272 275 278 280 283 284 285 288 289 290 293 295 296 297 298 299 303 304 309 310 312 313 316 318 319 320 322 327 329 330 334 341 343 347 348 349 350 352 354 355 356 360 361 363 368 371 373 375 381 383 384 385 386 387 388 394 395 397 400 401 402 403 405 408 409 410 414 415 419 422 424 425 428 429 430 437 439 441 442 443 445 446 449 450 461 467 469 473 474 475 477 479 482 483 484 487 491 492 508 510 511
LAOR 462 250
SR 259 387
CCWGD 237 1000
CCWGD 88 1000
SR 294 403
CCWGD 123 650
LAORC 451 230
LAORC 460 447
OS 512 1 513 514 2 515 3 4 5 520 8 521 522 11 523 524 526 15 527 16 17 18 19 21 22 23 25 26 27 28 29 30 31 32 33 36 37 39 40 42 44 45 46 48 50 51 52 55 57 59 60 62 63 64 66 68 70 71 72 74 75 76 77 80 82 83 89 90 91 95 96 99 100 101 102 103 104 105 106 109 110 112 113 114 115 116 117 118 119 121 122 123 124 126 129 130 133 134 135 136 137 138 142 145 146 148 149 150 151 152 153 155 157 159 160 162 163 165 166 167 168 170 171 172 173 174 175 176 177 178 180 183 185 186 188 189 192 193 194 195 196 198 200 201 203 205 207 208 209 210 211 212 214 216 219 220 221 222 224 226 227 228 231 232 236 237 238 240 244 245 247 250 251 253 257 258 259 260 261 262 263 264 265 267 270 271 273 277 278 279 280 289 290 291 294 297 298 300 302 304 308 309 312 315 318 319 320 321 322 323 324 325 327 328 329 330 331 333 335 336 337 338 340 341 342 343 345 346 347 349 351 353 354 356 357 358 360 362 364 367 368 369 370 371 372 374 375 376 377 378 384 387 390 394 395 396 397 399 400 401 402 403 404 405 407 411 412 416 420 421 425 426 428 430 431 432 435 436 437 440 441 442 443 445 446 447 448 449 453 454 455 456 457 460 462 465 466 467 468 471 472 473 474 476 477 478 479 480 481 482 484 485 488 489 493 495 496 497 499 500 502 505 506 507 510
CCWGD 237 1000
LAORC 314 171
CCWGD 220 1000
CCWGD 45 1000
LAORC 308 74
OS 512 516 4 517 6 518 263 8 264 520 265 522 523 268 14 270 273 18 21 278 23 25 289 292 39 40 44 46 47 305 50 51 307 312 313 314 315 60 61 321 325 327 71 74 78 79 80 81 341 86 87 343 346 349 350 351 98 355 100 356 358 103 104 105 109 365 368 376 378 384 385 387 136 392 393 139 395 397 142 398 399 148 150 406 407 408 152 409 410 412 156 413 416 162 418 419 420 421 422 426 429 174 176 432 434 179 437 439 440 442 186 189 446 192 193 195 451 455 200 458 203 460 204 461 207 208 209 465 466 210 214 473 217 474 475 478 479 224 225 227 228 485 230 486 232 489 490 493 494 498 242 248 250 507 251 508 252 253 511 255
CCWGD 66 1000
SR 220 522
LAOR 482 403
SM 269 163
LAOR 471 239
LAOR 41 316
SM 427 371
LAOR 213 88
SM 171 381
CCWGD 181 1000
LAOR 23 524
LAORC 413 234
SM 96 322
SM 511 77
SR 215 184
CCWGD 473 1000
CCWGD 429 1000
SM 438 265
SR 17 138
LAORC 516 115
CCWGD 450 833
LAORC 429 389
LAOR 384 119
CCWGD 140 843
SR 95 410
LAORC 432 483
OS 512 1 2 514 4 517 518 519 8 521 522 523 15 16 528 19 21 25 27 28 29 30 31 32 33 36 38 39 41 45 46 47 48 51 53 55 57 60 63 65 67 68 69 70 71 75 77 78 79 81 82 83 84 85 86 87 88 91 92 93 95 96 97 98 99 101 102 105 106 110 111 112 113 114 116 121 123 124 126 129 131 132 134 136 137 139 142 144 146 147 148 149 150 151 152 153 154 155 157 158 159 160 162 164 166 167 168 171 172 176 177 178 180 182 184 185 186 188 190 191 192 193 194 195 204 205 206 207 209 211 212 213 214 217 220 222 225 227 228 229 230 231 232 234 236 238 239 240 242 243 248 252 253 254 255 256 260 261 262 263 265 266 268 270 271 274 278 280 281 286 288 290 291 292 293 294 297 298 299 301 304 305 307 309 311 312 315 316 318 319 320 322 323 324 326 327 328 329 332 335 338 340 342 343 344 347 348 349 350 351 352 353 354 356 357 358 360 361 362 363 365 367 372 373 374 375 376 378 380 381 382 384 389 390 393 395 397 399 402 405 406 407 409 410 414 416 417 419 420 422 423 424 425 427 429 431 433 437 438 439 440 441 443 444 445 447 448 451 453 458 460 463 465 466 467 471 474 476 480 481 483 485 486 499 502 503 504 506 508 511
LAOR 154 44
CCWGD 145 1000
OS 1 515 516 262 134 8 267 139 140 269 397 525 141 15 21 277 279 156 28 157 285 413 287 415 159 160 420 294 295 39 170 42 173 430 303 304 177 52 309 438 184 442 60 446 323 459 331 334 462 463 345 89 218 219 347 476 480 354 227 229 234 364 236 241 372 117 249 254 511 127
SM 187 303
LAOR 91 456
LAOR 355 56
LAORC 362 418
SR 264 3
LAOR 488 394
SR 340 172
CCWGD 363 1000
LAORC 488 302
LAOR 329 87
LAORC 458 267
LAORC 133 23
SR 195 490
LAOR 213 187
LAOR 203 330
LAORC 339 385
OS 257 513 1 258 2 515 516 261 517 6 266 10 269 526 16 274 276 278 26 27 284 29 30 33 289 293 295 41 43 301 46 304 308 309 55 311 56 60 62 64 67 73 329 330 331 332 336 83 86 87 347 348 92 97 354 355 101 358 105 364 111 368 373 375 380 127 129 134 392 397 398 144 145 403 405 153 413 162 165 421 166 167 170 426 172 174 175 179 180 437 443 188 444 445 190 446 192 193 450 195 198 202 208 465 212 478 222 479 232 490 235 242 499 500 501 502 503 504 252
SR 248 388
OS 83 389 238
CCWGD 44 843
SR 222 67
SR 56 325
SM 181 416
LAOR 197 495
SM 18 338
OS 513 514 2 3 5 6 7 520 521 522 10 11 523 524 12 525 13 526 15 18 19 21 22 23 25 27 28 29 30 31 32 33 34 36 40 41 42 51 52 53 54 55 59 60 63 68 69 70 71 73 74 75 76 79 81 83 86 87 88 90 92 94 95 97 99 100 101 102 106 109 110 112 113 114 115 116 118 120 121 122 124 125 126 129 134 135 136 139 140 141 143 146 153 154 156 158 160 162 163 167 169 171 173 174 175 177 180 181 184 187 188 190 192 193 194 195 197 198 199 201 203 204 205 206 207 210 211 214 215 216 218 219 223 224 225 226 227 228 232 234 235 236 237 238 239 240 242 243 244 245 246 247 248 250 252 255 256 257 258 259 261 266 267 268 270 271 272 274 275 279 280 282 285 287 288 289 290 291 293 295 296 297 298 300 301 302 303 307 310 311 312 313 314 315 318 319 320 321 322 325 326 327 329 330 331 332 333 334 335 336 338 340 342 345 347 348 349 350 352 354 355 356 357 359 360 364 365 367 368 369 370 371 373 374 377 378 379 380 384 385 389 390 396 397 398 399 400 402 404 405 408 409 411 413 414 419 420 422 423 424 425 426 427 428 431 433 434 438 441 442 446 447 448 449 450 453 454 457 458 459 461 463 464 465 466 467 469 471 472 473 474 475 479 481 482 484 486 487 489 490 493 495 496 497 498 499 500 504 505 506 508 509 510
OS 512 257 5 6 7 264 520 268 12 14 272 528 17 274 280 30 286 32 288 291 293 37 297 298 299 43 302 47 305 307 312 56 59 62 64 65 321 323 68 326 330 332 77 333 80 337 339 342 343 344 92 348 93 349 350 94 354 98 100 357 101 358 102 103 106 362 107 366 367 112 370 115 119 376 124 125 127 128 129 386 131 389 390 393 138 396 141 143 402 406 151 153 154 411 158 418 419 165 422 167 170 171 172 174 178 179 435 441 443 188 444 189 445 192 450 451 196 199 457 458 205 461 464 209 466 213 471 220 478 223 480 231 491 493 238 494 241 498 500 501 246 247 505 249 254
SR 254 214
LAORC 24 401
LAOR 514 178
SR 347 10
LAOR 271 321
SR 461 450
LAOR 274 122
SM 483 397
OS 513 1 514 2 3 517 518 7 519 8 520 9 521 522 10 11 12 525 526 14 15 527 16 18 19 21 24 25 26 28 29 32 33 34 37 38 39 40 41 42 43 44 47 49 50 51 52 53 54 57 59 64 65 67 68 69 70 71 73 74 75 76 78 80 81 84 86 87 88 89 92 94 96 97 99 100 101 103 105 106 107 108 110 111 112 115 116 117 118 119 121 123 124 125 129 130 134 136 138 139 140 141 142 145 146 150 152 153 154 155 157 158 159 160 161 163 164 165 166 167 171 172 173 174 175 180 181 182 183 185 187 188 190 193 194 195 197 200 203 204 205 206 207 209 211 212 215 216 218 221 222 224 225 227 228 230 231 232 235 237 238 239 240 241 242 243 245 246 247 249 251 253 254 256 257 258 259 262 263 264 265 268 269 270 271 272 274 276 277 278 281 285 287 288 289 290 291 292 293 294 296 297 298 299 300 301 302 303 304 305 309 311 312 315 316 318 320 321 323 324 325 326 327 330 331 333 337 338 339 341 342 343 344 345 346 347 350 351 352 353 354 358 360 362 364 365 366 368 370 371 372 373 374 375 378 380 381 382 383 385 387 389 390 391 393 395 396 397 398 399 400 402 403 405 409 411 412 413 414 416 417 418 419 421 422 425 427 428 429 430 431 436 437 438 439 441 444 445 446 453 454 455 457 458 459 461 463 464 465 467 469 470 471 472 473 477 479 481 482 483 484 487 488 490 492 494 495 496 497 499 502 503 504 506 507 508 509 510
LAOR 445 461
LAOR 264 363
SR 377 234
OS 514 3 4 516 517 5 6 7 8 521 10 11 525 13 527 528 18 19 20 22 23 24 26 27 28 29 31 32 33 35 36 39 41 43 46 47 50 52 53 55 56 57 58 59 60 61 66 67 74 76 77 79 80 81 82 84 85 86 87 88 90 91 92 93 94 95 96 97 98 99 101 104 106 109 110 111 112 113 114 115 116 117 119 121 128 129 130 131 132 134 137 140 142 143 145 146 150 151 152 153 154 155 158 159 160 161 165 167 168 170 171 173 175 176 177 178 179 180 181 182 183 186 187 189 192 193 195 196 198 200 202 203 204 205 206 209 211 213 214 218 219 222 224 226 227 228 229 230 232 234 236 238 239 240 241 242 243 244 247 249 250 251 253 254 257 258 259 260 262 263 264 265 268 269 270 272 273 274 275 280 281 283 285 287 291 292 293 294 295 296 297 299 302 303 304 305 306 307 308 309 310 314 316 318 320 321 325 326 327 328 329 333 335 336 338 339 341 342 343 345 348 349 353 354 357 358 359 360 362 364 365 367 369 370 371 372 374 376 377 378 379 382 383 384 385 386 387 388 391 392 395 403 405 406 407 411 412 416 417 419 420 421 422 423 424 425 426 429 431 432 433 434 437 439 442 444 445 446 447 448 451 452 455 456 458 459 460 461 462 464 467 469 470 471 472 473 476 478 479 480 481 484 485 486 488 490 491 496 501 502 504 505 507 508 509
SR 148 111
OS 224 401 291 147 37 373 118 105 429 351
LAORC 265 415
LAORC 153 260
SR 20 391
OS 512 1 513 2 514 515 516 4 5 519 520 9 10 11 524 12 13 14 526 527 15 528 17 19 24 27 28 30 31 32 33 36 41 42 43 46 47 51 52 53 59 61 62 64 71 73 74 77 80 83 91 96 99 101 105 106 107 108 109 111 112 113 115 117 119 121 125 126 127 128 131 133 136 140 141 142 145 146 147 150 152 153 155 157 160 161 163 165 166 173 176 178 179 180 181 182 183 184 186 188 190 193 194 195 199 203 204 207 208 210 211 212 214 215 216 217 218 220 221 225 226 227 229 230 231 233 235 237 238 239 240 242 243 245 246 248 249 250 251 254 255 257 258 259 262 267 271 272 273 275 277 280 282 285 286 287 290 291 293 294 295 302 305 306 309 315 316 319 322 324 325 326 328 329 330 331 332 336 338 343 344 345 346 348 349 350 353 354 356 358 359 360 362 364 368 369 370 374 377 378 379 380 382 384 386 387 392 395 396 399 401 404 405 408 409 413 416 418 419 420 421 422 423 424 425 426 427 434 435 436 437 438 439 440 442 446 448 450 455 457 458 459 460 462 468 470 471 472 473 474 477 478 479 480 481 483 486 487 490 495 496 500 502 504 505 506 508 509 510
SM 244 474
OS 512 1 2 4 518 520 521 522 11 528 18 19 22 24 28 29 30 32 34 39 44 45 47 49 55 56 57 63 65 67 71 78 79 81 84 88 90 91 92 95 98 99 100 103 105 107 108 109 114 119 121 122 123 124 128 129 130 134 139 142 146 148 150 152 153 156 157 161 162 164 166 172 174 178 179 182 183 193 199 200 205 207 210 213 215 217 219 220 222 225 226 232 233 235 238 244 248 249 253 259 260 264 267 270 271 275 276 278 281 282 287 289 293 296 297 298 303 304 305 307 310 314 325 326 330 333 334 336 339 341 344 348 349 350 352 354 355 357 362 364 365 366 370 371 372 379 383 389 392 393 394 398 400 402 406 410 412 414 415 420 422 425 426 431 434 437 443 444 450 451 454 456 458 459 461 463 468 475 478 482 483 485 486 487 488 492 494 496 499 502 503 506 511
CCWGD 204 1000
OS 257 1 4 260 518 262 7 8 520 521 522 523 11 12 269 525 14 15 527 16 274 22 278 27 28 29 31 288 289 33 291 292 36 37 294 38 39 40 41 299 47 305 308 53 309 310 55 313 58 315 316 318 319 63 65 322 325 70 329 330 75 76 333 84 343 88 345 90 349 93 95 96 360 105 361 362 107 364 366 110 368 370 116 118 375 377 123 379 124 382 126 127 384 129 387 388 133 390 142 398 400 401 402 403 147 404 405 149 406 409 159 160 161 162 164 420 165 421 166 422 424 426 171 427 175 431 177 434 436 437 438 183 440 186 442 187 191 448 451 452 197 198 454 456 205 464 208 467 212 469 476 478 479 224 483 228 486 489 490 237 495 496 242 243 500 245 502 246 248 508 509 254 511
CCWGD 38 1000
CCWGD 341 1000
LAOR 395 238
OS 1 2 4 6 8 523 524 12 525 527 528 17 21 22 29 30 32 37 39 43 50 54 55 57 59 67 68 71 72 73 75 79 82 83 85 89 91 92 93 94 95 97 100 105 106 107 109 110 112 113 116 118 121 122 123 124 128 131 133 139 141 146 147 150 151 152 153 154 159 161 164 165 166 167 168 172 173 174 177 182 187 189 190 194 198 199 200 202 205 208 210 211 216 220 222 224 226 227 228 230 231 232 233 234 238 239 242 245 247 248 251 257 258 262 264 265 266 267 269 271 272 273 274 275 280 281 284 286 288 292 295 296 297 305 306 310 311 313 315 317 319 321 325 328 333 335 336 337 340 341 343 344 346 352 355 362 363 364 365 368 369 371 373 374 376 378 379 381 384 385 386 387 388 393 394 395 397 398 400 401 402 403 404 405 407 409 410 411 413 414 419 421 424 426 427 428 430 432 434 435 436 437 438 440 444 445 447 448 450 451 453 458 460 461 463 464 466 467 469 470 471 472 473 475 477 479 481 482 483 484 485 486 489 496 498 500 504 506 507 508 509 510
LAORC 388 368
CCWGD 328 731
OS 512 2 514 515 4 516 7 8 522 525 14 15 528 23 24 26 29 30 31 33 35 36 38 42 44 48 50 51 54 55 59 61 63 65 67 72 74 76 78 82 84 85 86 89 92 94 96 97 98 99 101 102 105 107 117 119 120 121 123 124 125 126 127 128 129 130 133 134 140 142 143 145 146 149 150 153 155 159 162 163 164 165 168 172 173 174 177 180 183 185 186 187 188 196 197 198 200 201 202 207 209 212 214 216 217 218 219 222 223 224 225 228 231 232 234 235 238 239 243 247 249 252 255 257 260 265 274 279 285 286 290 293 299 300 307 308 311 317 318 319 320 321 325 328 329 330 332 336 340 341 347 358 360 361 365 367 373 374 375 378 382 383 384 385 388 390 400 403 404 406 409 411 413 416 419 426 427 428 430 431 433 434 438 439 441 448 449 450 454 455 459 460 462 465 466 467 469 471 473 474 481 483 484 485 486 489 490 491 495 499 503 505 506 507 508 510
SM 325 7
SR 183 418
OS 512 1 513 514 4 518 519 520 9 521 523 11 524 526 14 15 16 528 19 20 21 22 23 24 26 30 32 33 34 36 38 40 41 42 43 44 45 46 47 54 56 57 58 59 60 61 62 63 64 65 67 72 74 75 79 82 84 85 86 88 90 92 94 95 96 97 98 100 103 104 107 109 110 111 112 114 117 119 120 124 126 128 132 133 136 137 142 144 146 149 150 152 155 156 157 158 161 165 166 167 168 169 170 171 173 175 179 180 181 182 184 185 186 187 189 190 191 192 195 199 200 202 208 211 212 213 214 216 217 219 220 221 222 223 224 225 226 228 229 230 231 235 236 237 242 243 245 246 247 248 249 252 255 256 258 260 263 266 267 268 269 275 277 279 280 284 285 287 292 293 294 295 296 297 301 303 304 305 307 308 312 313 316 318 321 322 324 325 328 329 332 333 334 335 336 337 338 339 341 343 344 346 351 352 354 355 356 361 362 365 367 368 369 371 373 374 376 381 382 383 387 388 389 391 392 393 394 396 398 399 401 402 403 404 405 406 408 410 411 414 418 421 424 425 426 427 428 429 431 432 433 435 436 437 438 439 443 444 445 446 449 450 451 453 455 456 458 461 462 463 465 466 467 468 469 470 471 475 476 477 482 483 484 486 488 489 490 493 495 496 497 498 499 501 502 503 504 505 506 510 511
LAORC 13 160
CCWGD 219 1000
CCWGD 432 1000
SR 446 509
LAOR 154 90
SM 477 435
OS 512 64 33 418 194 291 100 5 229 76 14 206 184 281 153 187 509
SR 506 313
LAOR 153 124
SR 291 385
SR 480 165
SR 168 424
LAOR 245 161
LAORC 340 114
LAORC 416 141
LAORC 244 231
SR 269 224
OS 512 513 257 515 259 5 262 518 263 519 8 521 9 266 523 268 269 525 271 15 17 274 275 20 21 278 22 23 24 280 285 30 32 288 291 35 37 38 294 297 42 299 43 300 44 301 302 303 305 50 308 53 310 60 317 318 322 66 325 326 329 73 75 76 335 79 339 84 340 87 343 90 91 350 352 357 101 107 363 364 109 365 367 112 115 371 117 373 378 123 130 133 389 392 394 138 396 140 398 400 144 402 403 147 405 151 408 409 153 154 155 412 156 158 159 415 416 162 418 164 167 423 168 425 170 171 172 173 430 431 432 179 435 181 182 183 440 184 187 444 191 192 193 195 200 457 202 458 203 463 466 468 216 473 475 223 227 483 228 484 231 233 234 492 236 493 237 238 494 239 240 241 499 501 502 503 248 250 506 254 511 255
SM 241 516
OS 513 258 4 8 12 526 270 14 271 276 21 277 279 33 292 37 297 298 301 304 50 308 311 313 315 318 63 320 323 69 71 328 332 333 77 82 338 345 90 92 349 97 98 357 102 108 368 369 114 376 124 384 386 131 134 135 394 138 396 398 142 400 404 150 152 419 164 165 169 425 172 428 437 184 444 188 189 192 450 195 201 202 203 204 469 216 473 475 478 480 226 227 483 490 234 235 491 498 242 500 246
OS 1 259 520 266 522 523 524 270 17 275 278 279 25 27 30 32 38 297 298 43 45 304 50 308 52 53 309 315 59 317 318 63 64 321 67 324 68 328 332 76 78 335 80 336 82 87 344 348 350 94 352 353 99 355 356 102 109 113 371 117 374 375 119 122 125 127 130 387 135 136 140 397 400 401 146 148 152 408 156 158 159 163 420 165 422 428 435 179 181 440 441 186 187 188 444 445 448 449 450 451 195 201 465 218 220 222 223 225 482 226 229 487 232 237 238 499 249 509 254 510
OS 512 1 513 3 515 4 516 5 518 520 522 523 12 13 15 528 18 23 24 29 30 31 34 36 37 40 45 46 47 48 49 50 53 56 62 64 67 69 71 76 77 82 84 86 87 91 92 93 95 96 99 101 102 106 107 109 111 113 121 122 123 127 129 130 131 132 134 136 137 138 142 147 148 158 160 167 172 173 175 181 185 186 188 189 193 200 201 202 205 208 211 213 218 220 221 222 224 225 230 233 235 236 238 240 243 245 247 249 250 253 255 256 260 262 263 264 265 266 269 270 273 277 286 289 298 299 300 302 303 306 307 310 312 316 318 319 322 324 326 329 331 333 337 341 345 346 352 353 356 364 366 367 368 373 374 379 383 387 390 398 401 403 405 414 419 421 422 430 431 433 437 440 443 445 446 447 448 451 452 453 454 455 458 459 460 462 464 465 467 468 473 474 479 480 482 488 490 491 499 506 509 510
LAORC 215 524
OS 257 514 516 518 262 519 7 8 521 11 524 268 13 526 272 273 17 18 274 19 276 20 277 279 23 280 281 26 27 33 291 41 298 44 46 304 50 307 308 309 54 311 313 316 319 323 69 326 74 330 333 78 80 338 339 342 88 89 91 347 348 349 351 356 359 103 362 364 108 113 115 373 374 375 377 378 380 387 388 132 135 137 138 396 399 400 145 402 146 403 152 153 156 413 157 158 162 418 163 169 428 429 430 431 175 176 179 440 185 448 196 198 454 202 463 207 464 209 465 210 467 212 469 214 215 471 474 221 479 223 226 230 231 488 232 233 237 495 242 243 245 248 250
SM 343 12
SR 245 484
SM 77 55
LAORC 256 279
LAORC 226 459
OS 513 516 4 517 6 520 8 9 521 524 13 525 526 18 20 21 22 23 25 28 29 30 32 39 42 43 44 45 47 51 52 54 55 59 60 62 64 65 66 67 71 72 78 81 82 83 85 92 94 95 96 97 98 100 102 103 104 105 109 110 111 112 113 114 115 117 121 122 123 126 131 132 133 134 135 137 139 140 141 142 144 145 148 149 150 155 159 161 162 166 167 169 172 173 174 176 180 181 188 190 191 196 197 198 200 204 205 208 209 212 213 214 215 216 217 219 223 225 226 227 233 235 239 242 244 245 246 248 249 250 251 253 254 255 256 257 260 261 262 265 267 269 271 278 279 282 283 284 286 291 292 295 296 297 298 299 300 301 305 306 307 308 310 312 313 315 316 318 321 324 327 328 330 332 334 335 336 337 339 340 342 344 345 346 347 348 349 350 351 352 357 358 359 360 361 362 365 366 367 369 371 373 374 375 377 378 383 384 385 394 397 398 399 404 405 406 408 409 410 411 412 416 418 421 422 429 435 438 439 442 443 444 445 446 447 449 450 452 457 459 462 463 464 465 466 467 468 469 479 483 486 489 491 492 495 496 497 502 503 505 507 509 510 511
SM 76 61
SM 436 486
LAORC 258 465
OS 512 513 1 2 514 3 515 5 517 518 519 8 520 9 521 524 525 13 14 527 15 17 19 23 26 27 30 33 37 43 48 49 51 52 53 56 57 60 61 67 68 72 73 74 76 78 80 81 82 88 90 92 93 94 95 96 97 98 101 106 107 109 111 112 116 118 119 120 122 123 124 131 132 133 135 137 138 139 140 141 145 146 150 152 155 158 159 160 161 162 164 165 171 176 177 178 179 180 183 184 186 187 189 193 194 197 199 200 201 204 206 207 209 210 214 215 217 218 219 220 221 222 223 224 225 226 228 232 233 234 236 237 238 239 242 245 247 248 249 252 253 257 258 265 266 267 271 272 278 281 285 286 289 290 291 293 294 296 297 299 300 305 310 312 314 315 316 318 319 320 324 328 330 331 334 335 337 338 339 340 342 345 346 348 351 354 355 356 359 361 362 363 364 367 369 370 373 374 377 378 380 382 383 386 387 389 390 391 394 395 396 397 399 400 402 405 409 410 411 413 414 418 419 421 423 425 427 428 430 435 436 439 441 444 446 452 454 458 460 461 462 463 466 470 471 472 473 474 476 477 479 480 481 484 487 490 493 495 496 498 501 502 503 504 507 509 510
OS 387 7 391 264 137 9 266 139 524 268 269 398 16 274 403 152 27 415 288 417 34 290 418 35 419 421 40 169 299 430 177 307 436 182 311 313 185 187 189 62 64 68 325 453 74 460 76 77 78 207 466 213 471 217 346 220 478 94 95 223 480 354 228 100 229 359 362 491 235 236 496 112 113 371 118 375 503 504 121 250 251 126
LAORC 441 437
SM 173 10
CCWGD 391 1000
LAOR 204 520
SR 330 185
LAOR 268 282
OS 514 515 4 517 8 521 9 522 524 14 526 527 15 16 528 19 20 22 24 26 28 30 31 33 35 36 37 41 44 48 50 52 55 57 58 59 62 63 67 73 74 75 77 78 79 81 87 89 91 92 93 95 96 98 104 105 110 111 113 117 118 119 120 122 124 125 127 128 130 131 132 134 135 137 138 140 143 146 147 148 150 154 155 158 160 163 164 165 166 167 170 172 174 176 177 179 182 183 186 187 188 190 191 192 196 202 203 204 205 206 212 213 214 216 217 220 221 222 223 225 231 232 235 237 238 240 243 244 252 253 254 262 263 265 267 268 270 271 272 276 279 281 283 285 287 289 290 294 295 296 297 298 299 300 303 304 305 309 312 313 314 315 317 319 321 322 324 326 327 328 329 332 333 334 336 337 338 339 340 342 343 344 345 346 348 349 351 352 356 357 358 359 360 361 362 363 364 367 368 369 371 372 374 376 379 381 382 383 384 386 387 390 391 392 394 396 398 405 408 410 411 412 414 416 419 420 421 422 424 426 427 430 431 432 433 435 440 442 443 444 445 447 448 451 453 454 457 458 459 460 462 463 469 472 474 475 476 477 481 482 483 484 485 486 488 489 491 496 497 498 499 501 502 503 504 505 506 507 509 510
CCWGD 477 1000
OS 512 257 2 515 260 517 5 519 7 521 265 523 12 268 525 527 272 16 273 18 19 277 22 278 279 280 24 25 27 283 286 287 35 293 294 295 40 45 46 48 304 305 49 51 308 52 55 316 62 321 66 323 67 68 326 72 328 331 332 76 333 78 337 82 340 341 86 343 344 89 90 91 348 93 349 350 351 96 352 356 357 358 360 363 364 109 111 112 368 370 116 372 117 376 121 122 380 382 127 386 387 131 388 134 135 391 138 395 401 146 403 404 150 151 407 152 408 411 156 158 414 160 416 417 163 421 423 168 425 169 426 173 174 430 178 179 437 182 183 184 440 442 186 444 447 192 194 451 196 452 198 457 201 458 462 207 208 465 466 210 214 474 219 477 478 486 232 233 489 494 495 246 503 249 505 508 253 510
SM 302 386
SR 159 137
OS 513 514 517 5 6 519 8 521 10 524 13 526 527 15 528 18 19 25 29 32 33 34 35 36 37 43 48 49 51 54 56 58 60 63 70 72 75 76 78 80 81 83 86 88 91 92 95 96 97 98 99 102 103 107 113 114 116 117 120 123 124 128 137 141 143 145 149 154 156 161 162 168 170 173 177 187 188 191 192 193 194 196 198 202 203 208 210 211 212 213 215 218 220 222 226 228 231 232 233 242 243 245 246 253 257 259 264 268 269 270 271 277 278 280 283 294 295 297 299 301 302 303 305 306 308 311 314 318 322 326 327 328 330 331 333 334 340 342 343 353 357 358 361 364 365 367 378 380 382 384 385 391 392 395 397 398 399 400 405 406 409 410 412 413 416 421 425 427 429 431 433 437 438 446 447 448 449 450 451 452 456 458 463 466 467 468 472 474 476 478 480 481 487 490 491 492 499 501 506 507 509
LAOR 262 148
