402 589 259
324 17 224
402 319 962
55 201 458
210 219 533
357 210 502
24 164 200
61 123 874
256 56 792
56 266 466
298 40 286
160 356 559
177 131 853
365 383 971
220 208 238
122 338 353
269 336 747
280 199 168
372 362 922
240 368 993
97 60 203
95 14 908
320 268 554
220 120 738
102 62 362
365 172 547
329 284 520
363 298 758
252 333 173
151 266 720
75 209 179
279 136 244
289 212 491
40 253 142
31 292 723
389 119 756
205 294 822
200 289 902
348 34 339
104 292 742
393 181 582
70 342 218
388 217 913
339 26 241
88 235 651
77 395 265
67 269 770
4 97 172
259 168 592
294 129 917
288 97 871
33 172 789
241 188 222
175 155 562
7 9 224
111 106 961
305 54 414
23 317 249
196 197 108
122 181 316
257 205 537
41 32 827
361 313 631
203 340 498
237 167 575
104 113 117
56 304 356
267 96 582
9 101 584
367 319 564
41 121 879
10 115 819
4 396 216
386 379 140
365 12 169
72 237 894
14 237 802
299 349 718
102 180 425
142 263 228
137 290 377
367 198 815
99 57 363
352 167 406
45 230 792
399 121 897
26 153 663
164 17 289
177 133 668
385 170 298
121 349 892
125 221 254
92 238 250
71 389 704
397 268 828
369 160 652
224 262 758
202 110 475
340 162 774
190 373 291
382 310 977
6 232 571
127 341 177
150 88 620
350 187 415
151 312 464
175 135 580
124 313 438
184 391 184
26 198 669
15 62 872
183 173 237
255 6 747
118 331 702
150 41 434
34 268 385
198 27 890
323 125 982
297 101 192
222 360 317
159 252 914
79 231 839
194 120 953
355 227 678
264 177 477
177 327 494
123 75 411
240 87 699
369 379 557
359 105 1000
181 78 551
358 146 297
186 243 306
337 270 628
246 138 801
368 186 771
114 161 394
243 293 319
193 376 195
4 386 755
396 389 622
51 297 246
155 80 148
325 158 997
85 68 517
257 40 501
94 275 509
299 111 906
162 285 833
197 200 759
4 258 864
202 153 892
5 376 438
181 66 668
123 140 892
387 64 207
362 236 543
218 261 188
318 178 903
214 241 695
220 124 492
382 170 963
76 41 282
256 208 250
315 168 245
16 158 293
112 149 848
117 180 960
216 365 190
342 380 850
166 137 674
27 32 651
55 363 285
80 322 918
327 78 621
327 388 242
224 225 281
94 304 114
132 396 791
401 299 830
343 371 890
185 160 751
191 281 284
180 357 136
244 343 158
91 250 559
196 76 134
227 348 715
351 39 909
312 75 490
104 316 423
94 310 978
164 333 693
124 146 130
127 268 428
218 231 683
83 253 827
334 365 835
323 116 765
314 104 278
320 365 586
59 397 721
193 112 890
93 207 722
255 101 295
309 58 558
367 363 465
59 34 277
42 17 917
227 264 914
69 186 778
309 303 580
378 252 886
59 275 707
138 198 597
55 59 605
101 46 993
259 200 898
304 298 808
371 34 693
134 339 283
213 355 930
289 141 548
323 29 189
381 324 327
38 240 464
230 88 217
169 40 620
166 52 836
19 383 462
26 289 741
297 161 871
156 335 894
79 327 473
89 26 634
33 145 616
8 86 538
215 38 950
168 284 348
41 259 700
89 368 969
387 57 571
361 96 134
351 239 227
241 114 790
126 23 807
358 210 655
343 261 628
148 170 523
354 266 892
1 291 862
346 29 702
312 51 703
395 25 273
7 178 946
35 270 180
212 284 796
7 100 777
181 153 911
300 101 704
265 240 164
313 383 360
171 254 656
353 135 840
146 275 300
72 161 226
287 335 647
249 399 397
39 208 588
201 51 912
168 33 800
45 380 534
337 78 362
259 93 162
127 93 776
314 95 846
36 92 177
22 199 602
187 376 837
341 217 816
258 374 620
310 83 773
234 385 160
107 110 426
74 173 171
310 134 176
202 265 112
147 248 932
106 335 131
8 286 143
143 394 752
318 356 458
53 366 961
106 60 532
140 255 532
212 300 635
28 25 691
338 305 502
116 97 448
200 178 933
272 210 615
307 56 629
331 250 404
103 93 728
230 312 865
327 272 119
108 308 534
234 372 741
36 174 198
6 399 228
325 365 988
131 254 821
240 401 727
273 323 167
30 147 952
54 399 642
355 218 749
232 178 943
308 125 711
96 250 831
307 291 801
204 381 880
32 392 617
332 103 166
174 30 567
393 174 423
331 301 230
51 220 454
104 160 742
323 38 572
180 341 583
38 3 565
369 165 545
17 307 627
300 244 553
231 395 162
46 236 882
168 112 951
38 70 587
82 286 970
65 182 181
155 180 224
78 372 774
200 255 468
186 14 633
118 34 680
132 361 563
287 110 988
235 2 296
4 272 221
63 277 628
360 136 766
309 152 594
276 383 486
166 374 445
366 113 195
94 139 910
341 243 455
268 142 258
322 331 400
14 154 178
314 149 578
310 16 903
298 323 682
134 325 981
304 234 552
305 140 866
247 360 749
179 56 824
146 321 918
357 145 620
32 163 322
339 141 374
59 242 352
354 95 988
382 299 176
35 367 905
77 295 118
234 327 412
1 143 525
390 110 588
373 168 914
48 347 903
301 120 995
390 244 804
74 235 519
392 325 353
144 290 727
19 279 419
225 5 551
309 162 627
268 358 904
252 142 707
108 329 846
349 294 827
371 273 131
257 213 253
189 308 100
271 134 521
365 376 605
145 251 690
289 335 567
84 177 251
183 76 214
334 362 220
237 194 610
102 294 350
91 118 604
164 291 187
326 232 268
205 398 333
71 244 137
121 83 276
25 86 112
277 300 878
321 167 339
326 109 812
15 2 576
155 142 961
381 374 145
224 273 571
35 383 459
335 203 189
293 54 202
253 63 910
53 38 767
390 218 446
298 217 878
363 53 185
163 91 919
337 330 492
25 272 241
332 232 406
266 345 345
257 84 129
314 236 214
225 187 650
24 149 325
66 298 763
125 159 394
181 304 671
385 315 580
77 331 493
62 317 769
278 79 311
282 118 752
16 223 941
48 286 709
201 67 359
297 87 786
75 310 267
359 197 434
19 351 978
337 74 679
382 208 364
9 132 208
215 10 129
117 334 883
376 179 908
93 135 124
111 146 137
20 119 207
338 399 885
211 398 428
36 123 210
215 158 842
1 261 357
38 283 488
244 8 730
354 241 396
26 388 266
242 282 677
253 366 534
194 282 903
160 79 970
384 201 558
126 279 504
272 292 695
237 328 878
283 94 782
305 208 807
298 235 807
293 69 255
182 384 404
66 183 697
56 310 675
358 181 923
178 189 723
2 132 485
177 196 951
155 182 852
234 92 890
363 397 992
142 292 846
133 397 349
287 278 451
71 159 181
47 393 912
225 67 972
252 102 298
259 144 410
197 81 870
296 327 433
12 269 428
243 229 572
281 82 361
228 156 175
375 319 678
341 78 791
155 307 333
108 248 709
67 157 425
400 124 315
67 358 135
66 398 153
179 399 453
104 84 675
181 145 106
252 39 155
186 352 831
375 17 498
248 228 282
262 124 831
270 72 318
323 247 112
152 59 341
2 19 544
331 275 965
7 281 110
18 37 559
3 299 339
211 10 692
227 223 955
50 393 163
322 293 604
315 182 116
66 243 443
358 296 442
278 273 875
236 18 459
367 336 489
17 206 814
390 328 137
86 114 561
100 272 885
39 190 640
120 123 899
46 45 865
377 174 431
175 190 332
133 10 933
365 25 330
1 273 357
266 110 984
280 26 457
222 7 997
265 397 744
15 115 820
190 298 947
349 165 938
212 185 921
116 137 166
280 267 702
218 286 874
366 102 630
189 95 456
81 322 200
329 228 385
220 274 756
266 201 652
214 105 322
385 207 973
181 387 178
321 4 385
21 29 208
323 142 248
326 166 619
76 103 779
113 388 791
268 72 212
185 344 362
152 399 820
125 281 703
401 335 301
360 276 277
65 49 575
47 107 858
90 382 837
385 56 984
371 358 799
SR 80 294
SM 124 397
CCWGD 33 1000
LAORC 281 74
SM 73 141
CCWGD 149 1000
SR 40 23
SR 97 353
SR 73 252
CCWGD 256 1000
CCWGD 72 1000
CCWGD 94 1000
LAOR 376 237
LAOR 69 387
SM 163 387
OS 4 260 5 7 8 265 266 12 270 14 272 274 275 277 27 29 30 288 34 36 292 37 38 40 298 43 44 45 302 48 49 305 50 309 312 58 315 59 317 318 63 319 64 320 321 322 323 68 69 71 72 329 75 331 332 334 336 80 337 86 87 89 345 90 91 349 93 351 95 96 352 97 98 355 99 101 357 103 359 104 361 105 112 369 371 115 372 117 375 119 378 381 126 127 128 385 386 130 387 388 389 390 392 137 141 399 150 152 156 158 159 160 161 165 166 167 169 172 177 181 182 184 186 187 189 191 202 203 205 207 221 224 225 226 229 236 241 242 252
SR 34 258
SR 198 238
CCWGD 203 619
LAORC 339 274
OS 128 1 324 133 389 390 199 9 77 143 208 213 278 279 344 347 155 156 95 351 288 161 355 36 356 164 229 166 296 232 360 362 303 48 177 243 245 182 249 122 123 61
LAOR 28 218
CCWGD 209 1000
SM 95 50
CCWGD 123 1000
SM 360 43
LAORC 354 294
LAOR 236 57
OS 257 258 3 4 260 5 265 10 11 272 16 273 19 275 20 21 22 23 24 282 283 284 289 33 34 291 35 293 37 38 294 39 296 40 41 44 302 303 304 308 53 309 310 54 55 312 313 59 60 64 320 321 65 66 324 325 326 70 327 328 329 330 75 76 332 78 82 338 339 83 340 85 86 343 87 88 89 346 348 93 350 351 96 352 355 100 356 101 357 102 103 104 360 105 361 362 365 110 367 368 369 370 115 372 116 117 373 118 119 375 120 377 378 122 123 125 127 384 387 133 389 134 136 393 137 394 139 395 397 398 142 144 402 146 148 150 151 152 153 155 156 157 159 160 164 168 169 171 174 176 177 181 183 184 187 190 192 194 195 199 200 201 202 203 204 206 209 210 212 216 217 219 220 221 222 224 226 229 234 236 237 238 239 241 242 243 244 249 250 251
SR 265 289
SM 307 161
OS 256 257 1 2 258 260 4 262 264 8 9 10 14 15 16 273 274 18 19 20 276 277 278 279 24 287 31 32 34 35 36 293 294 295 39 296 297 298 299 301 46 47 303 304 49 307 53 54 55 313 314 315 60 317 61 62 318 319 320 65 321 322 324 69 326 72 329 73 330 334 78 79 336 80 337 339 83 86 342 88 345 91 92 349 351 95 352 353 356 100 101 357 103 359 360 361 105 363 107 109 366 110 111 368 113 369 370 371 116 372 374 375 120 377 378 122 379 123 381 382 383 127 128 385 130 386 131 387 135 392 136 393 138 139 397 142 398 399 143 144 402 152 153 154 155 162 164 165 166 167 168 169 171 173 174 178 179 184 188 190 191 194 195 198 203 204 208 213 214 215 221 223 227 229 233 237 241 246 247 252 253
OS 2 3 4 5 7 8 9 12 15 17 18 20 22 23 24 27 29 30 31 32 33 34 36 37 39 40 42 44 46 47 48 50 51 53 54 56 59 62 63 64 66 67 68 69 71 72 73 74 75 76 77 78 79 80 88 94 95 97 98 99 100 102 105 106 111 112 114 117 118 121 124 127 128 130 131 133 136 137 138 141 145 147 148 150 151 152 153 154 159 160 162 163 166 167 168 169 171 174 175 176 177 180 181 182 184 185 187 188 189 193 194 196 198 199 202 203 204 207 208 209 210 211 214 215 216 217 218 221 222 223 224 225 227 228 229 230 235 236 238 239 240 243 244 246 248 250 251 252 253 254 256 259 264 266 269 271 272 273 274 276 278 279 281 283 286 288 289 290 291 292 293 296 298 302 303 304 305 307 310 314 315 316 319 321 322 325 328 329 330 331 332 333 334 335 338 339 340 342 343 344 345 346 347 348 350 352 354 357 358 361 362 366 367 368 369 372 373 375 376 377 378 379 380 381 384 386 388 389 390 393 394 395 396 397 402
SM 17 372
SR 346 172
LAOR 105 3
OS 321 257 305 370 18 211 86 235 108 60 79
SM 220 212
OS 2 11 267 14 272 274 19 275 277 26 284 28 31 288 292 41 298 42 301 45 304 308 309 54 313 314 60 317 61 62 320 69 73 334 78 338 339 343 345 90 349 95 97 101 103 105 362 107 366 110 111 369 373 117 118 119 376 377 378 124 126 127 386 130 131 388 391 144 400 145 147 153 155 157 159 164 166 167 171 172 177 180 184 186 190 195 196 200 204 206 211 212 214 215 219 221 222 229 230 235 236 240 249 251 253
SM 91 401
OS 1 2 5 6 8 264 9 265 11 268 13 270 271 19 22 281 28 285 30 286 31 290 34 35 291 37 294 295 296 297 41 298 299 45 301 306 51 308 55 311 56 58 61 325 70 78 81 82 338 83 340 85 343 344 89 347 348 351 96 354 98 356 102 358 103 361 106 109 110 115 373 377 123 125 126 382 129 385 130 132 389 138 139 140 145 401 402 150 156 157 161 163 164 165 169 173 177 179 180 182 189 201 209 211 212 217 224 225 232 234 242 243 245 248 252 253 254
SR 398 260
OS 2 4 5 6 7 8 9 12 13 14 15 16 17 18 19 23 24 26 30 35 42 43 44 46 47 48 49 50 54 56 57 58 61 62 65 66 67 68 69 70 72 73 74 77 78 80 81 82 83 84 85 87 88 89 90 91 93 94 96 98 99 101 103 104 106 108 110 112 114 115 117 118 119 121 122 124 126 127 129 130 132 133 134 135 136 137 138 139 141 142 143 146 147 148 149 151 158 159 160 163 164 166 167 169 171 172 175 176 180 183 184 190 192 195 196 202 205 206 216 219 221 222 224 225 226 227 229 231 232 233 234 235 237 238 240 241 244 246 247 248 250 253 256 257 260 261 262 263 267 272 274 275 280 282 283 284 285 288 290 291 292 294 295 297 298 299 301 302 303 304 305 306 307 308 310 311 312 313 314 317 319 321 324 329 330 334 335 336 337 338 341 342 343 344 345 347 350 351 354 356 357 361 362 363 364 365 366 367 369 370 375 378 379 380 382 388 391 392 393 396 397 398 399
OS 2 259 133 6 135 199 136 393 74 10 141 15 144 272 81 337 146 20 148 277 22 342 151 24 154 31 355 229 293 358 167 232 168 362 174 303 368 114 372 117 376 120 122 379 188 125 126 255
CCWGD 190 1000
SM 103 351
SR 332 196
SR 151 112
OS 3 4 5 7 9 10 11 13 14 16 20 21 24 26 30 32 33 34 35 37 38 39 41 42 43 44 45 47 48 49 50 52 53 57 58 59 60 64 65 67 70 74 75 76 77 78 82 83 84 85 86 88 89 90 91 92 93 94 96 98 99 100 101 102 110 111 112 113 116 117 118 120 122 123 124 125 126 127 128 129 130 131 133 135 137 138 140 141 143 146 148 149 150 151 152 154 155 158 161 162 163 164 166 167 169 170 171 174 175 176 178 179 180 181 182 183 184 185 187 189 190 191 193 194 198 199 200 201 202 203 204 206 207 208 209 213 214 215 216 219 220 221 222 223 225 227 229 230 232 233 234 235 237 238 240 245 247 249 250 254 257 260 262 263 265 266 267 270 271 272 273 274 279 281 282 283 284 285 286 287 288 291 292 293 294 295 300 301 303 304 305 307 308 309 310 311 312 313 314 315 317 318 320 321 323 324 328 330 331 333 334 335 336 337 338 339 341 342 343 344 345 347 349 351 354 355 357 362 365 366 368 369 370 371 372 374 375 376 377 379 380 381 382 383 384 385 386 387 389 390 395 397 399 401 402
SR 292 270
OS 66 324 68 103 264 268 140 366 177 18 306 21 150 151 215 376 250 381 191
LAOR 218 340
LAOR 381 299
SM 150 341
OS 1 6 9 13 14 15 16 17 18 21 22 25 26 28 29 30 32 35 37 40 42 43 45 46 49 50 52 53 55 56 58 61 62 63 64 65 66 69 72 74 75 76 77 78 80 81 84 85 86 88 89 90 91 92 94 95 98 99 102 104 106 108 109 112 113 114 115 116 118 119 120 123 124 125 126 128 130 132 133 136 139 141 142 143 144 145 148 150 153 155 156 157 158 159 160 163 166 167 170 171 173 174 177 183 185 186 187 188 191 195 198 199 202 203 206 207 208 211 212 213 214 215 216 217 219 221 222 226 227 230 231 232 233 234 240 241 244 245 246 247 248 249 250 251 252 254 257 258 259 260 262 266 267 269 271 272 275 276 277 279 280 284 285 287 289 290 293 294 295 298 299 300 302 304 306 307 311 314 315 316 317 318 319 321 322 323 324 325 326 328 329 332 333 334 335 338 339 340 342 345 347 351 352 354 355 356 358 359 361 364 366 368 369 370 372 373 374 375 376 379 380 382 384 387 389 390 391 392 393 394 395 396 397 398 402
SM 277 382
CCWGD 354 1000
OS 385 1 129 258 3 260 389 263 135 264 265 10 394 140 12 269 13 397 399 271 16 145 402 275 147 20 279 23 280 154 155 157 158 159 161 165 40 170 42 298 299 172 300 48 49 307 181 310 55 57 59 188 63 64 321 193 73 74 75 331 333 207 80 81 210 211 339 344 88 346 91 93 221 94 351 96 228 357 105 107 108 109 365 238 115 243 246 375 119 379 251
CCWGD 204 1000
OS 1 2 5 7 8 10 11 13 14 15 18 19 20 22 23 24 25 26 27 28 29 30 33 37 38 40 41 44 45 47 48 49 53 54 57 58 59 60 61 65 66 67 71 72 74 76 77 78 79 80 81 82 83 84 85 86 90 91 95 97 98 99 100 101 102 103 104 105 106 108 109 113 114 115 116 118 121 123 124 125 128 129 131 133 136 137 138 139 140 141 143 144 146 148 149 153 158 160 161 162 164 165 168 169 170 171 172 173 174 176 178 180 181 182 183 184 186 187 188 189 190 192 193 195 196 197 199 202 203 204 205 207 208 209 210 211 212 213 214 217 218 219 221 222 224 225 227 228 230 232 233 237 243 245 246 249 250 253 254 257 258 259 261 262 263 266 269 270 272 273 274 277 278 279 281 283 287 288 289 290 291 293 294 295 296 300 301 302 303 304 305 306 312 313 314 315 316 317 318 319 321 322 323 324 326 328 329 332 335 336 337 339 340 341 342 343 345 347 348 350 351 352 353 354 355 357 358 361 363 365 367 369 370 373 374 375 376 377 378 382 384 385 387 389 390 391 392 393 395 397 399 400 402
LAOR 266 15
LAORC 215 99
LAOR 377 301
CCWGD 193 1000
LAORC 142 246
CCWGD 328 1000
SM 265 137
LAOR 326 47
LAOR 239 356
CCWGD 124 638
LAOR 296 170
OS 2 3 5 7 8 9 11 12 14 16 17 20 23 25 28 31 32 33 36 38 40 41 42 43 44 45 47 48 49 50 51 52 53 54 58 59 61 62 63 65 66 67 68 69 70 71 73 74 75 76 77 80 81 82 84 85 87 89 90 91 94 95 99 104 105 106 107 109 114 116 117 118 120 122 123 124 128 129 130 131 134 135 136 137 138 139 141 145 147 148 149 150 152 154 155 157 159 161 162 165 166 169 170 174 175 176 177 180 181 182 183 184 185 186 190 191 192 193 194 195 196 199 202 205 206 208 209 212 213 214 215 216 218 220 221 222 225 226 229 230 232 233 234 237 238 240 242 243 245 246 247 248 252 255 256 257 259 261 263 265 266 267 269 271 275 276 278 279 280 282 284 285 286 287 288 290 292 293 294 298 299 300 301 303 307 308 309 310 311 315 317 320 324 327 328 329 333 334 336 337 338 339 340 341 342 343 346 348 350 351 353 354 357 358 362 363 364 365 366 368 370 371 374 376 377 380 381 382 384 385 388 389 391 392 393 395 397 398 399 402
LAORC 205 14
CCWGD 213 1000
SM 227 251
SM 368 282
LAORC 83 37
LAORC 253 377
SM 302 301
SM 178 42
OS 1 3 5 264 10 11 268 15 19 275 20 21 278 279 26 27 33 36 292 37 38 40 296 297 43 300 44 45 305 51 54 57 316 317 61 320 66 323 67 324 68 325 326 73 330 332 76 77 333 334 335 336 84 86 344 88 89 90 93 349 94 350 351 95 96 353 356 357 104 361 363 107 364 109 367 113 370 115 116 117 118 375 122 123 127 384 129 385 387 133 389 134 390 136 393 139 397 142 398 402 146 147 154 155 156 160 162 165 169 171 174 178 181 182 183 184 186 191 192 193 196 197 198 200 205 209 210 215 216 217 220 221 222 224 225 227 228 229 231 232 234 236 239 242 245 247 248 252 255
OS 385 261 134 135 8 136 137 10 395 140 12 17 273 145 274 18 147 148 26 28 157 287 162 291 166 169 298 172 45 177 178 51 311 56 57 313 185 188 317 319 65 193 322 194 323 68 72 329 331 204 206 334 79 82 210 83 212 214 216 88 217 348 92 93 350 222 94 223 224 353 97 98 356 228 104 107 236 110 366 367 112 369 370 371 116 117 118 119 120 376
LAORC 369 247
OS 2 4 5 6 8 9 10 11 12 13 14 17 21 22 24 25 26 29 31 34 36 38 39 40 42 43 45 49 51 55 57 58 59 61 63 65 67 68 72 73 74 77 80 82 83 84 85 88 89 91 92 93 94 95 96 98 100 101 102 103 104 105 107 109 111 114 115 116 117 118 120 121 123 124 125 127 132 133 134 136 137 138 139 140 141 142 144 145 146 147 148 149 150 151 153 154 155 156 157 158 160 162 163 164 167 168 169 171 172 173 174 176 179 180 181 182 185 186 187 189 190 191 192 193 194 196 197 199 202 206 207 209 210 211 212 214 216 217 218 221 222 223 226 228 230 231 232 233 234 235 236 237 238 239 241 242 244 246 252 253 255 256 261 262 265 267 269 270 272 273 274 278 279 281 282 284 287 289 290 292 296 298 300 302 303 305 306 307 308 309 310 311 313 314 316 317 318 320 322 323 324 326 327 331 334 336 337 338 339 340 341 342 344 345 346 348 350 351 352 356 357 360 363 364 365 366 367 370 373 375 379 380 381 382 383 386 388 390 391 392 397
LAOR 270 394
LAORC 402 224
SM 108 245
LAORC 127 287
LAOR 98 393
SM 402 64
SR 149 278
OS 209 323 244 391 56 9 169 218 330 11 381
CCWGD 111 1000
SM 30 55
LAOR 242 148
SM 353 392
SM 97 50
SM 371 234
OS 257 262 265 11 270 15 271 16 274 275 19 278 22 23 280 24 26 282 27 284 28 29 33 34 291 35 292 295 41 42 299 44 300 301 48 51 308 53 56 314 315 316 317 64 65 74 330 76 77 334 78 335 80 336 82 84 341 85 344 89 90 92 348 349 94 95 96 357 101 102 359 361 106 364 365 112 113 372 373 374 120 121 378 125 126 383 129 388 133 134 135 391 137 393 138 395 399 400 401 147 149 150 151 153 155 156 159 162 163 167 172 189 198 201 204 205 211 212 217 220 224 225 229 236 241 242 243 244 249 253 254
SM 90 399
CCWGD 97 1000
SM 84 107
OS 256 257 129 130 131 388 133 134 263 392 9 393 266 138 267 139 395 268 12 397 270 272 275 19 279 24 280 153 25 154 284 28 287 160 34 38 39 168 42 171 174 51 180 309 313 58 61 62 64 194 322 67 323 68 196 70 329 201 73 332 334 79 81 82 211 340 213 344 89 91 220 93 223 95 97 230 363 235 108 365 366 110 113 370 372 244 374 246 248 122 123 252 124 126
SM 272 336
OS 129 258 387 389 9 266 139 267 12 272 402 21 24 26 286 32 288 35 291 39 297 42 303 304 307 179 52 311 312 315 60 321 193 67 196 70 76 334 337 209 211 339 215 90 222 350 98 357 234 107 108 240 370 243 247 253
LAORC 102 203
SM 96 398
SR 103 34
SR 82 121
OS 1 2 4 6 10 11 14 16 17 18 20 22 23 26 28 29 30 32 33 35 36 37 39 42 43 46 47 50 51 52 53 54 55 59 65 66 68 69 70 71 73 77 78 80 83 87 88 93 95 98 102 106 107 108 109 111 113 115 116 117 118 120 122 123 124 125 127 128 129 132 134 135 136 137 138 141 143 144 145 148 154 157 159 161 163 167 169 175 180 185 186 187 190 192 197 199 202 203 204 205 206 207 209 211 212 214 215 216 221 223 224 225 227 228 229 230 231 232 233 235 237 240 241 242 243 251 253 256 257 258 260 261 265 266 268 271 273 274 277 281 282 284 285 287 288 289 290 291 292 293 294 299 300 301 304 305 306 307 308 314 320 321 327 328 330 331 333 336 337 340 343 345 348 349 354 357 360 363 367 369 370 372 374 375 376 377 378 380 382 383 385 386 389 391 394 399 400
SM 125 114
LAORC 315 90
LAOR 338 304
CCWGD 165 1000
CCWGD 22 1000
CCWGD 200 1000
SM 297 79
SR 219 265
OS 256 257 3 261 263 9 266 11 269 13 15 16 272 18 274 21 277 278 280 24 281 26 283 28 286 34 35 291 292 36 293 294 39 295 41 298 299 300 45 302 47 306 50 308 310 311 312 58 316 60 61 317 318 319 65 66 68 325 329 75 332 333 77 78 80 337 338 339 340 341 86 344 89 347 91 92 348 93 94 350 95 96 354 99 356 101 358 102 359 360 361 107 364 365 366 110 367 369 115 116 372 373 376 122 379 123 124 382 383 129 132 388 391 135 138 141 397 398 142 144 402 147 148 150 152 162 163 164 169 170 172 175 177 180 181 183 185 187 190 192 193 194 196 199 200 201 206 207 211 212 214 217 228 229 230 231 233 235 237 238 240 241 242 243 245 247 248 251 253
LAOR 53 7
LAORC 89 237
SM 216 256
LAORC 64 352
SM 52 357
CCWGD 104 1000
CCWGD 198 1000
SR 160 33
CCWGD 222 1000
LAORC 252 158
CCWGD 34 1000
CCWGD 251 1000
LAORC 326 114
CCWGD 198 1000
SM 206 275
SM 328 132
LAORC 73 233
CCWGD 17 1000
OS 256 258 131 4 133 5 8 9 137 10 394 395 139 397 14 271 272 401 402 146 19 276 150 23 153 26 284 286 290 34 291 36 292 38 39 297 169 41 43 302 174 303 304 176 50 51 307 311 56 59 317 61 62 197 325 198 326 74 75 335 79 339 83 212 341 87 344 217 218 346 92 93 224 359 104 235 364 238 370 242 117 375 123 251
SM 210 5
SM 120 190
SR 48 300
SR 114 267
LAOR 259 321
CCWGD 355 733
CCWGD 202 1000
LAOR 350 123
OS 258 3 260 261 262 7 8 265 10 266 267 12 269 13 14 270 271 275 276 277 21 279 24 283 27 28 29 30 287 31 288 32 294 40 298 44 301 46 303 304 50 52 309 311 312 56 57 59 61 319 63 320 321 322 323 68 325 326 70 76 81 339 83 341 86 343 87 88 93 349 350 351 95 352 353 100 356 101 103 360 361 106 362 108 364 365 109 366 110 112 368 116 374 118 120 123 380 381 382 129 130 387 131 132 133 134 137 393 394 140 142 398 144 401 149 150 159 164 165 170 171 174 177 178 180 188 192 195 196 197 200 203 209 210 214 216 218 226 228 234 235 237 242 243 245 248 249 252 253 254 255
LAORC 60 115
LAORC 326 319
SM 125 170
LAORC 91 244
CCWGD 225 1000
OS 241 146 148 101 38 45
LAOR 138 398
OS 256 257 258 2 259 3 5 261 7 263 264 9 266 10 267 11 268 13 270 14 15 272 16 21 22 278 23 280 281 29 30 33 289 34 35 36 37 38 298 42 302 48 304 305 306 307 51 309 55 60 62 319 64 66 325 69 71 72 73 330 331 75 76 77 333 83 340 85 86 343 88 345 347 350 95 353 99 356 358 103 104 108 365 109 111 112 114 115 116 377 123 379 380 383 384 385 129 386 387 391 136 393 394 396 397 398 399 146 147 148 150 151 153 155 160 161 163 171 174 177 179 181 187 189 193 196 203 204 206 208 209 211 221 223 224 225 226 227 229 232 233 235 237 240 242 248 249 251 252 254
LAORC 35 220
LAORC 228 193
CCWGD 178 1000
SM 395 181
LAOR 116 330
OS 257 258 4 261 262 7 264 265 266 267 13 15 16 273 274 18 19 276 21 279 280 25 26 282 283 284 30 31 287 32 35 36 292 293 38 294 39 295 40 41 44 47 50 308 309 53 311 57 314 58 59 316 317 62 63 325 326 72 75 333 334 78 336 338 84 340 341 342 86 346 94 96 97 99 355 356 100 103 360 107 364 365 367 113 372 117 118 375 377 379 125 382 384 386 132 388 389 134 135 392 137 138 396 140 143 145 150 153 155 157 159 162 164 166 168 172 175 177 178 179 182 184 185 186 190 195 198 199 200 201 202 203 205 207 208 210 212 221 228 229 230 231 235 237 240 241 243 244 245 248 251 254
SR 209 149
OS 2 3 4 6 8 9 11 12 14 15 17 19 21 24 27 31 32 33 35 37 39 40 44 45 46 47 49 52 54 55 57 59 60 62 63 67 68 71 72 73 74 75 82 83 84 86 90 91 92 93 95 97 99 101 102 105 108 109 110 116 117 119 121 122 123 124 126 127 128 130 132 138 139 142 143 144 146 147 151 153 154 155 156 157 159 160 162 163 164 165 168 170 172 173 174 175 177 178 180 181 183 184 185 190 192 194 195 197 199 202 203 205 206 207 213 214 217 221 223 225 226 230 232 233 234 235 236 240 242 243 245 246 247 249 252 253 255 256 257 258 259 260 261 262 263 266 269 270 271 275 276 277 278 280 282 283 286 287 289 291 294 295 303 304 305 306 307 308 310 311 312 314 316 317 320 321 322 323 326 327 328 330 332 335 338 339 340 342 345 347 348 349 351 352 356 357 360 361 368 370 372 378 379 381 382 384 386 389 391 392 396 397 399 401 402
LAOR 6 402
OS 256 1 257 258 3 261 262 7 263 266 12 13 269 270 272 16 273 18 19 22 23 280 282 284 287 33 290 35 37 294 43 300 45 304 49 305 51 52 53 310 54 58 315 316 60 317 61 65 322 68 70 71 327 72 328 329 73 330 75 331 76 77 335 336 81 338 82 83 339 84 86 88 344 90 348 349 93 96 97 353 99 100 356 101 359 360 361 106 108 364 109 366 111 368 369 371 373 118 377 122 378 379 123 380 381 127 384 385 386 132 390 391 135 392 139 399 400 401 402 148 149 150 152 154 157 158 159 160 165 166 168 169 172 174 176 177 179 181 182 183 186 190 192 193 194 198 201 208 209 212 213 215 216 217 219 220 224 225 226 230 232 233 235 239 240 241 242 247 248 249 250 251 252 254 255
CCWGD 254 1000
LAOR 268 206
SR 328 25
CCWGD 357 1000
SM 180 276
LAOR 110 303
LAOR 401 132
LAORC 97 216
LAORC 8 17
LAORC 257 296
SR 112 110
LAORC 165 18
SM 45 182
CCWGD 388 903
SR 265 42
SM 228 222
LAORC 257 352
SM 143 377
CCWGD 84 1000
OS 1 2 3 4 6 7 9 11 13 14 15 17 21 23 24 28 29 30 31 35 38 39 40 41 42 44 46 49 51 53 54 55 56 58 59 60 62 65 66 68 69 70 71 72 75 76 79 80 81 83 85 86 89 92 94 96 97 98 99 101 104 105 106 107 118 119 121 123 124 126 129 130 131 132 133 134 135 138 140 141 143 150 151 152 155 156 158 159 163 164 165 167 168 171 174 175 176 178 181 183 186 187 188 189 190 191 194 195 196 197 199 201 204 206 207 208 210 211 212 214 215 218 219 220 221 223 224 225 226 229 230 231 232 235 236 237 238 239 242 243 247 251 253 255 259 261 262 264 265 267 268 271 273 277 279 281 282 283 285 289 290 291 292 294 295 297 298 302 303 304 306 307 308 311 316 320 322 323 325 327 328 332 333 335 337 339 340 341 342 343 345 346 349 350 351 354 356 357 358 361 364 368 370 371 374 375 382 384 385 386 388 389 390 392 394 396 401 402
SM 255 148
OS 4 5 8 9 10 11 12 15 16 18 20 21 22 23 24 29 30 31 32 34 35 38 41 42 43 44 45 46 47 49 50 51 52 53 54 55 59 60 62 63 65 66 67 69 72 73 74 76 77 78 80 83 84 86 88 89 90 91 92 93 95 97 99 100 101 105 106 109 110 113 114 115 117 120 123 125 126 127 128 129 130 134 135 136 137 138 139 140 142 143 144 145 147 148 149 150 151 152 153 155 156 158 159 160 161 163 165 169 171 176 177 178 179 185 188 189 190 191 192 193 194 196 197 198 199 205 206 209 212 213 215 216 217 218 223 224 226 229 230 234 237 241 242 243 245 246 247 248 250 251 252 254 257 258 259 260 263 265 266 267 268 270 271 273 274 275 276 280 281 282 283 284 289 292 296 297 298 300 308 310 311 312 318 319 320 321 322 323 325 327 328 330 333 334 338 341 348 349 352 353 355 356 357 358 360 361 362 365 366 369 370 374 375 378 379 380 382 386 387 388 389 391 392 394 396 397 399 401 402
SR 251 374
SR 355 241
OS 2 3 4 5 6 7 8 12 13 14 15 16 18 19 20 22 24 26 30 32 35 36 39 41 42 45 47 50 51 59 60 61 62 65 67 68 69 71 74 75 78 79 80 85 86 91 97 99 100 107 108 109 110 111 112 114 115 118 121 122 123 124 125 127 128 131 132 133 134 135 136 137 140 142 145 148 150 157 158 160 162 163 164 165 167 172 173 175 176 180 181 184 185 186 187 188 191 192 193 195 196 198 199 200 202 204 210 213 214 215 216 217 220 222 223 224 225 226 227 228 232 233 236 239 241 244 245 246 247 249 251 252 254 255 258 259 261 262 263 264 266 269 271 272 276 278 282 289 290 291 292 293 295 297 299 300 302 303 308 310 316 317 318 320 321 323 324 325 327 328 329 330 331 333 334 340 341 345 346 347 352 353 355 356 357 358 359 360 361 362 363 365 369 370 371 373 378 380 382 387 388 390 391 392 393 394 395 397 398 400 402
CCWGD 337 1000
OS 256 1 258 8 264 267 270 272 19 278 279 23 280 27 29 289 290 291 296 42 45 48 309 312 57 315 60 317 62 64 65 321 66 68 69 327 329 73 77 338 83 340 87 345 90 91 97 353 355 99 101 102 358 361 105 107 364 112 370 115 119 375 378 379 123 124 385 129 387 133 391 135 138 395 142 399 400 146 149 151 152 154 156 157 160 180 185 188 192 196 204 206 208 209 215 216 217 230 239 243 245 252 253 255
SM 244 348
OS 260 6 394 396 397 398 142 271 402 21 282 155 29 158 164 38 296 41 44 300 172 47 181 54 184 59 318 319 193 322 324 199 73 77 78 210 211 342 214 86 87 345 89 221 96 352 97 99 355 227 100 103 232 106 362 363 236 365 240 368 113 369 114 246 247 248 121 378 124 126
SM 52 9
SR 23 171
OS 256 4 260 7 263 12 271 274 18 275 276 20 277 21 278 280 25 281 283 28 31 33 34 291 36 294 302 303 47 53 310 312 314 62 63 328 77 79 335 337 340 85 86 87 91 348 93 350 97 356 357 102 359 106 107 109 110 112 369 118 376 377 122 126 384 387 132 134 390 135 136 139 397 141 144 401 146 147 148 151 153 154 158 159 166 167 171 177 182 183 185 190 192 194 196 197 198 199 201 203 207 212 216 217 219 226 227 229 232 233 238 241 245 247 252 255
OS 3 6 9 10 11 13 14 16 17 18 19 20 22 24 25 27 29 31 33 35 36 37 38 42 43 45 46 48 50 51 52 54 58 60 63 66 68 70 72 75 77 78 79 81 82 83 85 87 89 90 94 95 97 99 100 103 106 107 110 111 113 114 116 117 118 119 120 121 124 127 130 132 135 136 137 138 139 142 143 146 147 148 149 150 151 152 154 155 156 158 159 160 162 163 164 165 170 171 175 176 177 181 184 186 187 189 190 191 194 196 197 198 199 200 202 204 205 208 209 210 211 213 214 215 216 220 221 223 229 230 232 233 237 238 239 240 241 242 243 244 246 249 250 251 254 255 256 258 259 261 262 263 265 268 269 270 271 274 277 279 280 286 287 288 291 293 294 296 299 301 303 304 305 306 308 309 312 313 314 315 316 317 318 319 320 322 323 325 326 327 329 330 331 332 334 337 340 341 343 345 347 348 349 351 355 357 358 360 362 363 366 367 368 373 378 379 380 381 382 384 386 387 388 389 390 394 395 398 400 401 402
SR 157 305
SR 148 318
LAOR 37 350
OS 4 5 7 8 264 266 10 268 14 272 16 274 18 19 21 279 281 25 26 282 283 27 30 32 288 34 36 292 293 37 295 298 43 45 46 304 49 305 307 52 311 55 313 58 314 60 316 318 62 319 63 64 322 66 323 324 325 72 76 77 78 335 337 338 339 83 84 340 341 85 86 342 88 345 348 93 350 94 351 352 353 355 99 357 102 359 103 104 362 363 109 110 113 114 371 373 375 376 378 122 379 124 381 129 130 386 131 388 134 395 139 140 396 398 142 399 143 401 402 147 151 152 155 159 160 161 162 164 166 167 170 171 180 184 185 186 189 190 193 195 197 200 201 206 208 210 211 212 213 214 216 217 220 227 231 239 242 244 248 250 253 255
OS 4 5 6 8 9 10 14 15 17 18 19 20 21 23 27 28 31 34 36 38 39 43 49 52 57 59 64 65 68 69 70 71 72 73 74 79 80 81 83 84 85 86 87 88 89 93 95 97 98 100 101 103 105 107 110 111 113 114 115 116 117 118 119 121 127 130 131 133 135 138 139 140 142 143 144 147 149 154 155 158 161 162 166 167 168 170 171 173 174 177 179 180 181 182 183 184 186 187 188 189 190 192 195 196 197 198 199 201 202 203 204 205 207 208 209 210 213 214 215 219 221 224 225 226 227 229 231 232 233 235 236 237 238 239 241 243 244 246 247 248 249 251 253 254 255 257 258 261 262 266 267 269 271 272 274 275 278 279 285 286 287 288 289 295 296 298 299 300 302 303 305 306 307 308 309 311 312 315 317 318 321 322 323 324 327 333 334 336 337 339 343 345 346 349 350 351 352 353 356 357 358 359 364 365 367 369 371 372 373 374 377 381 382 385 388 389 390 392 393 394 395 396 399 400
OS 384 130 2 389 391 7 137 394 266 271 272 146 19 148 276 278 23 155 30 32 288 161 38 167 171 43 300 173 301 308 309 182 183 186 192 66 322 71 200 329 206 81 339 83 345 90 219 222 96 97 356 229 231 363 108 364 110 239 113 376 251
LAORC 287 76
OS 128 131 259 266 270 18 275 19 150 279 24 153 30 158 288 162 35 36 39 167 296 297 170 299 303 305 307 182 311 58 315 60 64 201 330 207 82 341 87 91 227 99 357 230 231 104 239 376 377 127
LAOR 278 359
LAORC 30 8
SM 252 339
LAOR 160 30
LAOR 12 35
SM 277 329
OS 2 4 389 135 265 10 396 12 141 397 147 148 151 153 25 283 156 30 161 34 35 38 40 43 44 46 302 48 179 312 64 320 66 67 199 72 203 332 335 211 85 341 87 215 216 93 221 228 356 357 230 103 231 104 112 113 242 374 250 382 254
SR 141 337
OS 5 6 8 10 11 12 13 14 19 20 22 23 24 25 27 29 30 31 32 33 34 39 41 42 47 50 53 54 55 56 59 60 62 71 74 75 78 79 80 81 85 86 87 89 91 92 94 97 98 100 102 103 104 105 107 108 109 111 112 113 116 117 118 123 130 131 134 135 136 137 138 140 141 143 144 145 146 147 149 152 153 159 160 161 162 165 168 169 171 173 176 179 181 182 183 185 186 187 188 190 191 192 193 194 198 199 200 201 202 204 207 208 213 214 217 219 221 223 225 226 229 230 231 234 235 237 239 243 249 250 251 252 253 256 257 258 260 261 264 266 267 269 270 271 272 273 276 277 278 280 283 285 287 290 293 294 295 297 298 300 302 303 304 305 309 310 313 314 315 317 318 321 322 323 325 328 331 333 334 336 337 339 340 341 342 343 345 346 347 348 351 352 353 355 356 357 358 359 360 361 364 365 366 368 372 375 376 378 380 381 383 384 385 387 390 391 394 396 397 401 402
SM 114 154
SM 351 274
SM 181 115
SR 309 15
LAOR 264 118
OS 2 3 4 5 6 7 10 14 15 16 17 19 20 21 22 24 25 28 29 30 33 34 35 36 38 41 42 45 50 51 54 55 57 59 61 62 63 64 68 69 70 71 73 74 75 81 82 83 84 87 88 90 91 92 94 95 96 98 99 101 102 103 107 108 109 112 114 115 116 118 119 121 122 123 124 126 128 130 131 132 133 135 136 137 139 140 141 142 143 144 148 149 150 151 154 156 157 158 160 164 166 167 168 169 170 171 173 175 176 181 182 184 185 186 187 188 189 191 192 193 199 201 202 204 206 208 210 212 216 219 220 221 222 224 225 226 227 228 231 232 233 236 237 238 239 241 242 244 245 247 248 249 250 251 253 256 258 260 261 262 264 265 266 267 268 269 270 272 274 278 280 282 283 284 286 287 288 289 290 291 296 297 300 301 303 305 307 311 312 313 315 316 318 323 325 330 331 333 334 335 338 339 341 344 347 348 349 351 353 354 357 358 359 362 363 364 365 366 369 370 371 372 374 375 376 377 378 380 382 383 384 386 387 388 389 390 391 393 395 396 399 402
SR 12 214
SR 223 280
LAORC 331 348
OS 1 258 4 261 5 8 265 269 17 275 277 22 23 27 285 286 30 291 36 37 38 298 42 300 44 45 46 302 47 303 305 49 50 306 51 308 54 311 56 315 60 317 63 320 324 327 72 328 332 77 333 78 336 80 82 339 342 89 345 90 348 93 350 94 95 96 352 355 102 103 360 107 366 111 368 374 118 377 123 124 125 383 127 385 386 130 133 137 139 142 143 399 144 402 147 150 152 153 158 159 162 163 164 171 177 185 186 188 189 190 194 195 199 205 213 214 221 225 229 235 237 238 243 245 247 251 254
SM 145 82
LAOR 176 215
CCWGD 175 1000
OS 4 5 6 7 8 9 12 13 15 16 17 18 19 21 22 23 24 25 26 27 28 31 34 36 37 38 39 40 41 42 43 48 50 51 52 54 55 58 59 64 67 68 69 70 71 73 74 78 79 80 81 82 83 85 89 90 91 96 97 98 100 101 104 105 108 110 111 113 115 117 121 123 124 125 127 128 130 131 132 136 138 139 140 141 144 145 146 147 149 150 151 153 155 157 158 162 163 164 166 167 168 169 171 174 175 176 178 179 181 184 185 186 189 194 195 196 197 198 200 202 204 205 206 208 210 211 212 213 214 216 217 218 220 223 224 227 228 229 230 232 233 235 238 239 240 243 244 246 247 252 253 256 258 260 261 264 267 268 269 270 273 278 279 280 283 286 287 288 289 291 292 293 294 295 296 297 298 299 300 301 302 303 304 305 307 308 309 311 312 315 318 319 321 322 327 328 329 332 333 334 336 337 338 339 342 343 344 345 346 347 348 350 351 352 353 355 356 358 359 360 361 362 366 369 371 373 374 377 378 379 380 382 384 385 392 393 394 395 397 398 399 402
CCWGD 159 1000
SR 177 188
OS 96 161 291 101 5 392 9 169 74 363 174 112 18 210 211 280 348 284 253 29 94 62 126 287
LAORC 281 96
OS 1 261 5 6 262 7 267 12 13 15 271 273 18 274 20 276 21 22 279 281 26 283 284 28 285 286 31 32 290 291 292 37 295 40 298 43 45 301 46 302 304 48 307 308 309 53 55 312 57 313 61 320 65 66 322 324 68 70 329 75 332 76 333 77 334 335 79 336 80 81 337 340 84 342 87 88 344 345 347 91 92 93 94 350 95 352 97 98 354 99 100 356 357 101 360 105 362 363 107 364 110 366 112 113 371 373 117 374 119 375 376 377 123 382 126 128 387 131 388 133 390 134 136 393 394 141 398 142 143 399 144 401 402 147 149 152 154 155 156 157 158 159 160 162 165 168 172 174 182 184 186 188 191 194 196 197 198 201 202 206 211 215 216 218 220 221 222 225 226 227 228 231 234 235 237 239 241 242 243 248 249 250 251 252 253 255
LAORC 207 85
LAORC 59 51
OS 1 3 4 5 6 7 9 10 12 15 17 19 23 24 26 28 29 30 32 35 39 40 41 42 43 45 46 47 48 49 54 55 57 59 60 61 62 63 65 69 70 71 72 73 74 78 79 80 81 86 87 88 89 94 95 96 97 101 102 108 109 112 114 115 116 117 118 119 121 122 123 124 125 126 128 132 134 135 136 137 138 139 140 141 142 143 146 148 149 152 155 156 159 161 163 165 167 168 169 170 171 172 176 177 181 182 183 185 186 188 189 190 192 195 197 199 203 204 205 206 207 209 212 213 214 222 223 225 226 227 228 230 231 233 236 237 240 241 242 243 245 246 247 248 253 257 261 262 263 269 274 275 276 279 280 282 283 284 285 287 288 289 294 295 296 297 300 301 303 304 305 306 309 310 311 313 314 315 316 317 319 320 323 325 326 327 328 329 330 332 333 335 336 337 341 343 344 345 346 349 351 355 359 360 362 364 366 370 371 372 373 375 376 380 381 382 383 384 385 386 387 388 389 391 392 393 394 397 400 401 402
LAORC 282 240
LAORC 255 280
CCWGD 271 1000
SM 68 370
LAOR 150 210
OS 258 2 3 4 5 6 7 8 265 9 267 11 268 12 270 14 15 272 16 19 20 25 281 26 282 27 284 28 286 31 32 291 292 37 294 296 42 298 299 45 302 303 304 306 307 51 308 55 312 315 316 62 318 63 320 64 322 66 67 324 70 328 72 329 73 330 74 75 331 76 77 78 334 337 82 83 342 86 89 346 90 91 93 94 352 96 353 97 98 356 100 357 103 105 361 362 107 108 109 365 367 371 116 118 376 120 377 122 124 125 382 127 385 129 387 131 132 388 390 135 137 139 396 142 399 145 402 147 148 149 152 153 155 156 157 158 160 161 162 163 164 165 169 170 171 172 175 176 178 179 181 182 184 185 186 187 189 193 194 196 199 200 203 205 206 209 213 214 215 219 220 222 223 227 229 230 231 232 233 234 236 237 245 246 247 248 252 255
SM 393 14
LAORC 84 183
SM 381 135
SM 320 191
LAOR 301 263
SM 69 10
LAOR 131 383
SM 119 298
OS 128 256 130 131 133 390 262 393 267 12 142 143 271 144 276 148 149 277 152 282 27 157 159 163 37 38 296 299 171 172 173 46 175 47 303 304 48 305 49 50 178 179 180 308 52 53 54 186 59 187 316 61 317 64 65 193 324 68 199 329 203 77 206 81 209 210 82 212 92 349 351 352 354 98 355 102 359 360 104 362 237 238 111 370 242 244 245 117 247 250 252 125 127
CCWGD 32 1000
LAOR 235 124
CCWGD 213 1000
LAORC 251 19
OS 257 2 259 3 4 5 261 6 8 265 12 268 269 14 15 272 274 277 22 278 279 280 25 26 283 29 287 31 33 289 291 292 37 294 295 40 43 44 302 47 303 305 49 306 50 307 51 52 54 55 57 314 58 60 316 317 62 318 319 321 322 323 324 325 327 71 72 332 76 77 334 78 335 80 337 338 339 83 340 84 341 342 87 345 89 347 349 94 97 354 100 356 357 359 103 105 361 364 110 367 111 112 114 115 371 116 117 119 377 378 123 381 125 126 383 127 384 128 385 131 133 134 390 135 391 393 394 138 396 140 397 141 398 142 400 146 147 150 153 161 162 164 165 168 169 171 172 176 179 180 181 182 185 186 187 188 191 193 194 195 199 200 203 208 210 211 212 213 214 215 217 218 219 220 224 225 228 229 230 231 233 238 240 245 246 247 248 250 252 253 254
LAORC 231 261
SR 304 386
