3218
805
6
-1
665
798
13
778
0
769
800
0
-1
1
-1
3165
665
14
0
665
1
2
793
5857
683
9
799
4444
1
-1
3207
834
1
-1
665
0
25
714
12
-1
3015
757
1
665
740
757
1
8
-1
4334
4991
1
665
-1
768
665
-1
4130
843
0
3
0
-1
3
1329
2105
773
-1
2523
665
12
665
804
689
3199
0
844
1
-1
12
14
12
665
2992
-1
-1
12
5634
0
0
14
665
14
-1
665
-1
1748
822
665
-1
369
665
804
-1
761
0
825
0
5237
14
-1
670
-1
11
-1
0
14
0
0
774
5519
-1
1
2924
2
-1
665
808
-1
698
-1
13
10
-1
1
665
2076
52
0
665
3869
763
-1
11
0
-1
804
6177
20
-1
770
665
-1
170
8439
3321
815
5352
665
-1
688
7344
0
788
12
-1
665
665
-1
-1
5406
665
6
16
4
-1
1
788
0
-1
0
6443
3
835
1
845
688
-1
713
665
785
4894
0
796
793
720
2631
665
777
665
-1
4
1
0
-1
8152
5
4551
393
795
665
863
0
809
-1
665
-1
1754
414
3969
-1
-1
9
1
3314
-1
-1
665
1314
0
2175
-1
-1
747
0
-1
848
763
835
-1
0
-1
0
1
-1
844
820
842
11
1
-1
0
-1
0
846
812
-1
1
0
-1
1
665
0
665
6428
-1
-1
-1
665
1033
2671
-1
665
0
8511
2065
665
-1
665
802
734
3227
11
3080
1
-1
-1
841
-1
5792
13
665
2
817
773
1
-1
-1
12
665
841
-1
1
0
-1
691
1
4799
3112
4404
-1
784
-1
847
799
-1
10509
2
1751
736
-1
12
-1
0
-1
7
-1
828
665
12
-1
-1
1
-1
1
3611
-1
828
1
4044
6216
717
1
0
-1
719
2355
777
-1
0
-1
13334
3079
6857
-1
0
-1
1
5941
-1
1
0
4557
756
665
-1
0
-1
2800
-1
665
2
-1
113
0
3
-1
0
679
0
665
1870
-1
-1
769
2
3469
-1
-1
0
762
772
841
1
-1
8393
4505
0
3246
-1
-1
3
816
-1
-1
1002
0
665
835
5280
-1
2752
-1
-1
3508
13
844
12
-1
859
1630
665
1
717
13
665
8
-1
0
6587
665
-1
0
-1
810
1
12
17
6045
1
4550
-1
665
4047
-1
12
832
1
0
3413
-1
-1
1
10
665
-1
5326
3150
-1
665
665
20
835
0
11
677
8
0
1
-1
1
-1
6358
-1
-1
-1
863
665
792
0
714
744
-1
10
2
3766
2
2707
13
665
1
665
2427
14
3150
-1
795
1
6466
1
1685
665
9
0
24
1338
840
1
743
0
816
0
665
4591
-1
665
0
6413
8
737
853
783
1
10
0
665
12
8
5809
665
2323
1
6378
0
13
-1
0
1
12
2214
-1
5
0
0
-1
14
-1
6340
684
858
846
0
2246
-1
665
-1
1343
-1
-1
782
718
-1
665
2124
19
811
9612
0
0
2886
-1
-1
7065
-1
665
9
-1
-1
2426
-1
-1
842
514
852
1
9
9
-1
-1
5799
-1
665
665
665
665
665
665
0
-1
-1
-1
752
-1
1
2
5
4859
843
8845
1
14
14
1
665
-1
0
2354
1
-1
0
2745
-1
5
1
2900
0
14
0
-1
-1
20
844
699
1
-1
-1
4238
850
846
665
-1
6511
2
665
0
665
2
1843
0
-1
3935
-1
0
3655
0
837
669
2245
798
4752
9
665
4189
171
2429
665
665
1
-1
0
831
0
-1
766
-1
9060
839
-1
-1
815
0
1
-1
1
825
12
1
7
58
-1
2192
843
841
665
-1
5071
0
0
9
665
665
-1
-1
787
9
6691
9
585
-1
855
392
1
6840
-1
-1
-1
0
0
665
0
704
5735
862
-1
0
-1
821
5476
665
10
9
1
770
848
-1
665
-1
10
665
665
-1
-1
0
-1
782
-1
665
815
0
-1
-1
-1
1
0
10
-1
0
6507
665
694
12
665
-1
1
-1
3
20
836
0
11
847
1
1
-1
0
-1
0
1750
-1
-1
11
5259
1
740
1
7
665
2009
11
1
-1
0
2797
817
0
682
-1
-1
665
0
8813
1
4790
1
8
4489
5404
12
-1
836
693
3222
828
-1
809
-1
-1
1
3547
0
4523
3969
7314
3432
2
0
-1
1
2451
835
6
8
5557
665
752
11
757
827
-1
700
769
-1
807
0
-1
-1
-1
-1
1
716
-1
740
-1
1444
10217
5091
0
0
-1
665
0
665
-1
5
-1
665
665
816
1202
665
-1
4934
12
0
665
665
3641
0
665
12
-1
760
-1
0
16
1
860
7254
665
-1
811
733
3649
1
9181
1
794
9
4056
-1
693
665
1
-1
0
665
8
787
-1
0
765
-1
840
-1
-1
1
-1
814
797
2
0
2
0
11728
771
665
665
3490
1
0
0
3
-1
1
802
-1
-1
0
665
-1
1
-1
-1
665
731
9
852
0
4569
10
1
848
665
2310
17
668
3149
-1
-1
722
1887
0
1
-1
0
-1
5506
665
775
-1
-1
842
-1
665
0
1
-1
-1
-1
3955
805
10
0
12
665
