2
414
7
1989
4
3623
1
403
-1
497
451
-1
403
192
-1
7
4093
-1
459
403
2
485
403
-1
1620
0
0
0
-1
444
-1
403
1
403
-1
-1
-1
0
477
455
0
1
468
1806
-1
7
3148
0
-1
4435
9
2752
403
2123
-1
403
403
-1
-1
-1
1
12
10
0
426
0
403
0
-1
0
414
1749
1933
1
3123
0
-1
4089
0
-1
1803
486
403
409
454
11
7
0
1
487
482
0
3860
403
493
403
-1
-1
489
390
8
490
4744
412
5537
-1
456
403
1
5814
7
466
493
493
2314
403
1
403
474
403
495
-1
11
1
470
8
403
-1
-1
450
408
444
0
4442
-1
491
3
0
0
403
0
403
9
1868
6
1
-1
425
0
19
493
4053
-1
5462
403
403
-1
0
1
-1
3014
0
3970
481
10
-1
2735
472
-1
1
4490
0
7
-1
0
2505
1
474
121
403
467
0
403
403
-1
-1
1
0
1
0
403
1
-1
-1
403
403
479
3748
403
0
403
-1
3163
-1
-1
-1
452
0
6541
-1
2451
-1
4955
-1
-1
4
-1
-1
2862
0
8
403
-1
507
470
-1
2237
0
13
-1
-1
403
446
4521
403
4841
14
11
470
3250
484
403
2099
-1
0
4470
403
-1
403
5994
452
9
2701
2
463
-1
461
503
466
1
403
7
-1
15
-1
4442
403
-1
1
445
0
446
1
1
0
-1
4187
4540
403
-1
-1
410
471
403
7
-1
10
493
15
-1
2
8
13
12
486
15
1
-1
403
484
1
403
14
-1
7
0
-1
-1
474
-1
2074
1
2686
403
403
12
0
-1
436
491
2
4
-1
485
483
433
484
-1
-1
484
492
0
11
0
435
1326
-1
-1
6
403
3227
-1
490
-1
5926
-1
2
0
-1
479
454
-1
4282
451
1
-1
-1
403
5005
0
4905
485
2881
3350
-1
-1
2306
2
10
4595
-1
403
403
403
0
-1
461
4108
403
1
-1
-1
-1
466
-1
3645
0
0
-1
13
1
1
493
0
0
403
0
0
444
403
4335
-1
2677
4
-1
1860
-1
2169
403
-1
0
2547
1823
-1
403
403
1776
-1
0
0
1
5
315
-1
1
476
7
403
432
3559
7
10
0
4282
-1
-1
1
0
-1
3
0
5391
7
-1
1
435
-1
404
315
5520
6017
2344
8
1710
489
453
-1
0
-1
3350
10
-1
-1
1736
486
9
-1
2609
486
-1
409
0
1
-1
480
2504
465
403
448
403
403
8
466
0
0
458
2516
4503
490
0
403
403
5842
-1
-1
407
-1
-1
-1
-1
3985
8
0
0
1
-1
454
-1
443
443
466
0
454
-1
3442
1929
2
1
480
-1
2723
1
473
433
1
565
403
-1
-1
12
486
403
459
-1
-1
462
-1
