649
600
600
1905
-1
1
-1
600
0
0
610
4
17
1
2132
4903
640
3
1
3908
611
0
7
600
2187
1421
634
2035
6
8
2218
7
1
9
9
2090
7
635
1400
2214
601
5
2
600
7
1
1846
1
1
1150
2
0
2021
1506
-1
9
9
2498
4540
8
-1
644
1919
636
600
2721
3576
3879
600
600
1
8
2
0
1447
3
600
608
-1
634
2812
3396
653
3
651
0
600
-1
602
600
1397
2325
5
-1
1616
616
600
620
1295
6
2935
600
2300
600
600
-1
600
645
3482
2139
5
600
5
8
1671
2826
3107
600
8
642
-1
1547
1
-1
600
620
4
8
1
2141
5064
2251
4
2769
4
606
3
1306
646
8
600
648
651
-1
1196
600
5
2094
1
1473
1789
0
600
6
2657
3260
7
2195
2663
607
600
-1
4
8
1
-1
-1
1661
0
627
3
7
638
646
600
600
6
0
600
2479
-1
648
2775
1837
7
0
633
600
7
6
600
3483
600
1
1
1988
3559
0
-1
600
2
1675
644
600
600
11
8
600
1
2
-1
567
636
1
1397
-1
1
1
-1
647
1281
2269
3935
3380
4621
639
634
1
600
648
1445
634
8
550
600
-1
0
7
1
1389
600
1627
654
600
-1
9
7
2219
643
3
1644
8
4
1661
644
1
623
600
1061
4063
-1
644
2806
2596
1667
1721
600
1820
1649
1033
1454
1926
600
3119
7
632
0
2016
-1
600
5
2344
1
646
8
8
-1
0
0
640
628
2585
656
1804
600
2799
3903
600
3
600
1
614
0
637
4
7
654
3001
0
1
643
3702
600
4065
8
1797
-1
632
2
7
3325
6
0
1478
600
3493
1
3195
2698
2348
-1
1622
4063
2834
302
2262
651
3076
3729
1816
-1
-1
1288
-1
2858
-1
600
5
1
1162
600
1
1696
1808
0
0
554
601
7
-1
600
2208
-1
2926
0
0
4338
2
1
4892
1342
5
632
643
1899
1471
8
1
650
3617
6
2
600
-1
1
0
7
8
1919
1511
3263
7
5
611
8
3259
8
574
3082
600
611
-1
600
600
8
1697
1133
1
5
602
1771
630
2362
1149
600
3641
8
6
643
600
600
600
629
3
1523
7
3371
1984
1
4244
6
2702
5
1813
638
-1
1
0
3
1832
2187
2912
6
6
2138
2015
1203
603
1517
1
649
628
3861
1836
3634
-1
994
2014
648
3559
600
0
600
1
2624
600
-1
600
7
5
0
652
0
11
0
1
1845
613
3257
1887
600
642
2466
2274
600
2389
626
1757
9
1689
637
-1
613
601
610
600
6
5
655
0
600
-1
968
1859
643
650
5
3176
1
626
2
0
1
629
631
7
600
1446
600
0
2209
7
1
604
600
637
-1
0
6
0
9
2
1
-1
2547
9
1
-1
12
656
636
1884
600
7
2618
644
645
5664
609
-1
600
4
4203
1626
563
7
600
0
3748
6
2561
642
3441
1435
1000
76
1519
3027
600
612
600
309
600
0
1
600
0
1
1
3314
600
7
2
2921
600
3003
1
1554
3
-1
2766
-1
4
1648
3946
-1
2
603
1741
600
-1
5
4933
-1
600
1
1
1
0
1889
654
1
9
600
2895
7
8
641
624
5381
600
600
600
1259
-1
600
2976
-1
7
5
-1
1433
600
3
5
654
600
656
643
-1
2061
3
1250
1
6
1616
1699
9
646
0
1344
7
2
600
1
6
13
6
1650
873
600
6
600
600
4418
1
3
0
1
648
646
-1
2
3780
0
7
3
6
1290
10
600
2
3712
600
3892
1609
4162
1
644
1263
3748
9
600
758
654
600
600
-1
1
1882
7
612
-1
1
8
600
1
6
4286
1900
2151
1
3319
7
4224
1
934
2323
600
648
621
600
-1
1
643
1281
653
644
3696
-1
629
3203
4
7
7
10
2932
1486
1981
2
600
9
3280
4429
606
2065
648
1391
288
1491
3956
5
646
2665
1640
4
0
-1
1
1896
600
4
3893
2441
623
-1
7
600
-1
655
5
1410
8
600
600
600
638
1546
7
-1
-1
1999
1
5
600
600
7
600
1302
600
8
0
646
1312
539
2
1
1802
2522
637
4531
-1
9
1
2412
628
1996
600
622
1
-1
637
644
8
5
600
7
643
634
600
1629
3388
0
3
0
1
1965
1
600
2746
1
6
1224
-1
1596
4
1
-1
1569
1
1
1
4570
600
600
-1
600
4329
621
-1
-1
658
600
600
647
621
3823
5
600
600
2526
600
-1
600
600
638
8
1
1361
1099
-1
1689
635
2993
462
6
621
600
1
2373
2058
2961
1985
2608
1382
