-1
477
-1
0
1
0
182
-1
4
0
-1
661
504
107
-1
0
-1
-1
-1
-1
-1
-1
-1
-1
0
-1
0
-1
254
0
328
-1
0
-1
-1
654
-1
0
0
-1
-1
-1
-1
0
-1
0
0
-1
0
0
0
-1
401
458
293
0
650
-1
-1
-1
0
0
-1
73
-1
-1
0
0
586
0
-1
0
354
-1
0
0
-1
0
0
-1
-1
-1
193
0
-1
0
0
-1
0
0
-1
631
-1
4
-1
-1
1
-1
0
466
0
0
-1
119
0
2
-1
-1
280
708
0
-1
0
-1
727
-1
-1
-1
279
548
1
0
-1
1
-1
0
-1
0
0
0
0
-1
-1
273
-1
3
580
-1
0
612
-1
0
609
0
0
-1
245
-1
0
0
-1
-1
-1
-1
-1
711
-1
0
-1
-1
-1
552
0
-1
718
636
2
-1
-1
-1
0
0
229
0
-1
336
-1
699
-1
0
-1
2
0
-1
0
0
-1
-1
-1
0
-1
-1
-1
-1
-1
-1
359
-1
-1
-1
-1
-1
0
0
-1
733
-1
-1
438
0
-1
77
627
0
-1
0
0
-1
0
0
635
-1
719
694
-1
5
-1
0
7
0
684
350
-1
-1
-1
-1
-1
0
-1
658
595
0
739
318
-1
-1
0
0
0
540
0
-1
0
709
-1
1
0
486
2
0
-1
-1
-1
1
-1
0
-1
1
0
2
-1
-1
-1
-1
-1
553
-1
-1
-1
48
22
-1
290
-1
-1
0
-1
391
-1
-1
-1
-1
2
0
-1
0
0
620
-1
-1
1
-1
1
682
0
0
2
0
0
0
0
-1
0
0
0
707
226
-1
697
468
-1
0
0
0
0
-1
0
614
0
-1
7
0
-1
-1
1
0
-1
-1
-1
-1
0
0
5
368
0
366
-1
462
-1
666
650
-1
629
529
-1
-1
-1
-1
-1
