1147
1137
377
1
-1
377
2686
3254
-1
377
377
377
5
5
1645
390
3140
2684
268
1
380
4
377
1856
377
-1
6
6
391
1759
1140
387
389
1606
3084
8
379
1339
384
1928
387
-1
399
378
377
1764
1079
3646
395
1634
381
6
7
1134
397
1582
377
381
377
395
6
4
5
377
2
377
1200
8
8
284
4
397
1
377
1968
1901
1
3
-1
2058
390
383
2
396
8
2
-1
6
-1
2276
2790
381
377
1875
7
1826
1296
1196
385
1789
377
1757
383
1168
381
1
1635
2317
3446
392
1230
1
3
377
377
377
1506
3442
391
5
1
1521
1
1753
377
377
3337
377
1
377
377
2
377
1608
1496
0
377
384
1186
1228
2135
2700
6
310
377
7
390
2
1
1818
1
377
378
6
389
1
1
377
1172
6
386
3176
396
8
390
377
5
1701
377
1386
7
6
1
6
1
3910
1
2063
369
3979
2161
2
2359
377
393
1789
393
3326
3330
392
377
387
1048
383
1835
5578
386
389
2524
3853
8
386
394
384
3
380
6
2
1298
7
3
1513
383
2106
392
1514
1497
1511
4094
4
395
2657
3001
1
385
1750
-1
377
394
377
2539
378
1
389
0
1
393
1
1
377
-1
7
388
1382
1
1475
1617
6
1170
6
1815
385
377
5
377
1
390
1
2059
