100
46 16613079 231790460 529202279 352912206 753856796 755620855 692379638 205532604 530661667 588111375 199020229 429922109 426222545 745648864 98654492 614277903 53339826 85982231 733704282 839231380 783483103 498070612 243946276 671458115 908860129 810676163 163573858 956149027 415857986 988082909 372714974 319636054 379284398 178897231 461864054 901186765 165337796 404943612 221272055 819463451 908360828 512337179 397944482 261523811 469689650 301535099
11 27821019 438321651 648857084 439509764 246149175 663635376 320805188 163345088 894853618 807880537 651491565
45 30316010 813107517 528617417 257647729 969334003 434590245 252228097 140636759 731517196 646800999 658443970 369765325 647819963 416634222 530591722 595864993 688213229 362985702 24838994 235517726 525093629 882222588 219844598 336412580 281185202 629928277 225158052 602644764 776828357 385372560 37550538 193776644 861540355 754488857 212030865 919983626 873445487 981070690 296732442 397187281 227634395 935060487 780603624 29852318 230548864
37 30549470 843384484 454575596 263086409 861729848 726337689 911793469 145907063 574709982 211215650 238623229 96546061 272926030 828171431 68602602 245123050 39638518 517157648 303620853 713405546 307840900 178008822 821187919 706137371 556546102 443186759 35931814 215546630 974739313 775520948 165065584 678512788 819626323 523395996 266547032 921115416 296218231
34 41835593 574140329 253251087 959217974 323261579 650534525 621219836 367452187 512158270 712893762 671212697 486920530 584328434 84242074 11345473 777139411 401156738 946983258 251737903 168184883 643982 293714899 337941060 245544835 72934395 138441484 951441421 49950756 308563782 644231059 817108087 175532267 455909845 828966938
49 54928134 324683173 428526799 993553590 395876528 853079151 112935045 905505680 528893408 487576106 325289159 687038169 59773211 906186116 677510933 643395839 988755936 119409830 492913248 300060211 346701341 742199955 944578733 509941057 69607849 223230969 100156611 651298161 566947423 341985823 538584887 407499753 449049562 228040717 786352654 713696818 444482745 137158315 65691489 116407908 346136130 589254771 189826209 128791705 112082259 18741704 80028277 52836386 304395178
40 55129612 224159354 120088231 477334509 303742899 952027086 957852255 459532607 843972704 134004197 301531730 265700102 713603538 884128597 781146869 962571144 600191012 46205980 974180099 937590385 432668626 461954781 253063788 819901439 377592058 11440649 170293594 115132488 37716539 73797 609501466 723293095 123581255 644723147 560247515 294018716 290997471 997238200 107287819 695448431
2 62466937 877619756
15 70463055 252892302 831383779 517092938 212334892 124224522 12646884 426028677 142370312 492570954 935854911 450382131 775058916 269180500 321854077
7 71250850 133455806 801476520 407310842 436493116 567084065 39555552
5 73013131 734912921 737030629 714430251 444561763
2 91825837 162290021
33 99499765 928515205 364896910 828326483 183800239 378538297 936816562 475430832 917199852 89941140 86337841 918370387 410616485 143704233 137737898 88585175 837756934 743660465 322479874 309802148 902727336 436920316 662152280 931751969 815362146 122803744 125546825 483118035 560718688 557655111 946362550 581903163 194692438
24 118627875 578061699 521801471 677630168 713315906 709401033 68147401 339825122 532559918 974416425 338107798 264986100 976851450 632123837 787666671 109311668 230624916 743395776 875708447 629679385 838627556 164746630 214661493 160443282
28 150263476 33510265 921983769 763602091 957412723 690933101 224240096 365682101 605796927 286096967 791564126 366204765 448167008 414047111 897029939 401166581 772926766 771896094 546255279 276421925 928657182 350043476 278916680 20845777 123156027 86732618 173114756 512025704
18 158938716 510459042 910878819 752171049 298669675 352173469 460124527 209536668 337358800 12581036 708129699 372745542 784764491 727597636 554904345 463572585 705675552 262313475
17 159823119 94402680 430428544 557779695 400652697 80072015 115917160 729874638 908480482 464596915 266272141 203552137 788686883 330244391 75616082 880141192 755001994
7 176970399 832757370 738030101 543070047 488238471 636975412 409739173
10 179577034 223241273 337095707 948155771 604438045 941923264 651993282 245116219 609427011 230671311
35 191834359 33282802 420744333 478290820 251700739 786143520 391033735 919083501 297700861 488946133 625321046 487798670 743934883 214465730 266241564 428237830 223892795 131087048 543677313 370665495 851525014 562877322 715136575 705055280 494058811 766550256 807576475 554991684 778248870 949716932 373249755 945781904 380463226 376142723 183331817
40 195118317 706353079 826294169 510991936 240518988 496889964 148386236 6352436 162378226 436804467 89961084 930883360 864354022 800068158 232846349 104185490 751601895 46953678 993000039 287691100 679249646 75635304 812649889 395347531 56599818 881847747 941094861 74127491 207804072 514338774 672191754 853997020 215801990 155980108 362682552 264322453 101074511 96246931 793323230 932303863
15 199316558 579060494 184304523 700531148 276967149 71499333 518943016 837909482 172727321 911472662 928920068 778556654 839317451 256653652 608696885
49 207385196 395012807 600365587 595424829 997784310 355614477 261251954 429883589 497053411 3461075 712413858 314133286 406489603 593337063 195625809 625514469 701621126 199651504 480623318 904117555 578699826 164665067 662221816 186365438 505923650 953958001 523925846 178191105 378831574 492970029 845950582 323649560 852480795 791387445 72264558 356720021 315024632 184560626 584055592 372427201 623925106 656426614 961531989 771540110 912461981 487121902 347901168 624268612 750311232
10 219753721 494903693 718313683 317466865 546726902 275728774 56260811 111627433 331107568 866246501
29 221881933 141093448 825378027 684412043 106547461 63514198 937067847 117784167 749647255 569364319 758404448 118764474 29540758 349623364 670467684 225572375 564830627 529272701 923496251 232340208 911223759 518991917 807397255 268685573 320923365 322841766 960501147 23108954 979411725
14 224208091 684733709 968498135 105533584 133625021 194824752 436231622 328073985 549341374 556648106 984056799 849017847 814232877 48994604
48 225438743 851067234 318309278 702439799 767572969 373732141 299901235 797692254 883846407 363161917 665959299 753289050 231891536 513384952 101502013 355069437 728267138 733707325 113475252 184490038 959253927 848027916 538842062 451140055 9185739 177092266 489414737 155196080 328752016 546123199 753971669 446251683 557984721 727111821 792407857 70699273 431358063 142467419 655103815 395054246 731070234 854572811 956476133 586834511 480251458 553466763 40533855 753914791
4 228994950 52466577 119505044 181035444
28 235243626 233865248 781769165 768855840 291634872 566168169 409933491 286150079 382183784 812712567 734819912 981652621 254093403 736169070 428977656 267741165 542093242 922019588 779254817 213713631 217527887 544333352 666612311 229827974 699459693 238143739 50897917 765031060
23 240893424 684956806 904805191 364225694 437768865 64983139 653606900 502233507 392027192 285136121 407144670 989731513 155366157 717029359 432279032 729310647 495074725 708888045 81726162 576104010 652319620 935064842 390534278
12 258503036 460194672 863057082 870387791 757322817 816335957 961341360 953903625 883962574 811451908 330373224 288256467
17 275145268 467938110 637120676 87167818 302560250 360669398 666091145 225316533 857475092 407199293 305908617 393082324 63622141 77010959 622722836 327069067 489181345
12 280056568 780262249 402823889 705359261 44584081 831009283 557587252 464279230 343569472 328363450 269368071 211149943
42 287486540 565633410 69373017 398951754 663138505 276821784 787156818 332864822 910739003 43115558 421697463 61201424 147420697 395145698 697017072 440107896 540724690 923016468 963144109 716384545 109697937 50281771 111525797 670524238 756943889 933027200 963978126 354511533 779549519 280895244 429724705 893938880 759565736 107900646 78168073 798051321 803086487 497714679 62578764 920870197 37738962 547451883
33 313158282 152559817 755224292 383006726 624570252 579445260 149719321 36579356 414595512 115537348 174789767 371500936 631290343 924312559 72983790 577811915 99059018 745047938 186663945 645876039 878575391 392088118 759132716 103275227 346393977 104209449 318018592 827769793 388429860 285303714 59634522 866072916 635371319
4 335233327 684725849 326686556 378751314
34 351352666 978930003 833966376 940294061 270093111 321374338 610138962 912517099 113528975 367654786 499393096 410323671 120000740 344928193 116553039 224497598 594277544 203527035 223554386 563749099 295804699 497068122 838303202 557555729 484678359 311658550 604137436 50625794 448245245 187055440 170938542 576181519 72367273 498356747
29 363334054 558420487 507490350 200995439 869491141 614861341 139989111 727550756 223257489 103446508 8045577 823677910 655158936 623574799 739562139 942492263 427015045 307789474 688836235 475500522 134603197 450172527 553200247 143770199 169260116 357571620 602629151 941787006 539629056
34 366033224 241840632 11237410 107203913 300014801 882956745 308841185 704288749 585556070 310690001 807537137 991041246 227241665 762109866 33820939 798995677 893291786 367008291 162844137 283423826 824053258 703862858 321188901 843108203 8128152 825117713 19340348 87514327 913857151 382623626 49118100 656813014 250261128 478080464
6 371885055 227596582 556503609 749088551 856516260 64544452
31 382685555 735182678 835424233 679833267 382493673 438850474 907591592 822920887 901680273 542879286 599256428 902306771 192792526 173656457 56525363 169833281 161082617 749914061 301879117 340669711 53370176 812409370 18495737 861579497 866731597 950710639 849700325 120327155 960583562 792432541 359217076
21 383255122 49289999 616818002 200741710 537100216 713631333 567714282 828634247 891722949 849342982 785641609 455344705 151652987 575389120 989619 477949133 404078639 903853290 482590613 680670005 499667520
16 389320457 779641820 35469816 145842730 385101849 950617426 315103320 542959583 459217540 585332612 543221054 843090455 958421848 347516013 16273811 530801108
46 390908551 703496804 992034015 771841527 792970617 229499406 526126317 279280154 186263824 384865524 397092665 378407255 762991651 716828458 615119281 393736015 563307025 558622415 611829905 702757448 287780868 581475270 500780350 589856554 653886411 948893310 521908642 265306531 297994824 52516333 275205695 783659114 757182362 769167005 250768594 887150798 10845917 194791332 185920853 808788791 760245272 903841135 833869342 89214834 311329601 311128556
40 407935702 507718081 892997586 781557516 800213833 39316907 381400128 578128654 372861112 376614340 333071081 571258469 44759674 708962196 437517042 606529145 924710312 961110328 90825140 797808402 20216188 844839913 236852478 305773814 608261924 104151108 974152250 648403326 918718077 521145819 86707908 243292158 700632262 838315900 46311332 190962996 256729457 606464611 316020803 697082080
7 415277090 996450128 981873032 130239882 457019191 5954285 795235121
3 421219926 429145648 70509899
14 439444982 575507338 100211472 266655018 3288659 264466707 146536810 527121747 195216117 826037530 366619549 197941386 769639735 669940613
38 446029317 600485479 557829597 164842972 897745250 193593194 769652429 39511716 450810605 389817957 62436677 144002882 374149439 827647098 18871150 847182936 749134196 340765279 709198301 946572951 579134858 428704924 433128774 531300906 749686428 616195596 253808177 764459233 271881926 581422739 805737632 149336693 581843139 22149657 632257758 516685565 575051852 368433910
33 448787293 41693517 385483512 783903822 115136540 415165637 751139366 468683648 748879429 413249633 729733710 195224205 25986034 953880039 346398120 729002342 527467887 636550102 243110132 202881037 483007837 619951956 220946619 457599043 494056317 467105832 298631721 782070362 503801368 705356515 648656774 608122660 920925716
20 449674126 392252961 256192329 629891952 425441697 436361781 871599729 754627328 893642083 539806910 363001934 43411610 268333474 973125337 163535401 404573488 36576185 428068256 300975089 823134762
19 466539350 541537861 881274525 762276093 846479053 788922494 926054424 209688968 388798684 593197590 421872510 362224761 459422731 546856780 70308502 78101246 96508576 926028628 476069033
38 470921813 793099557 27160958 898865833 440689765 372195281 371751198 948656048 903069889 178268576 919980950 290045690 999747802 585335638 42204 387488613 569603539 713417015 869278690 810844733 240924001 541141907 315647850 406146086 580810195 429862205 821502194 910426896 855435700 750549380 61025792 258182975 830043759 375214699 832667785 796016927 373022836 967365267
34 474415955 840032102 68771012 169511232 660350442 630627372 635861096 885119355 252691616 140957904 847354054 127620569 287608389 37270253 109254607 203021516 513523236 916465161 940124948 712107652 60212595 582362549 51512115 174720860 903826602 349968493 126111642 664875483 704485671 296408784 401971975 822018764 949638321 484506818
25 493868345 160626588 913618769 564345242 221022632 355750331 337692925 359961806 530509928 527346313 248631836 785301522 688824158 303567045 558006092 487148095 893764038 987235124 75075608 454882059 89073442 565702626 907565539 73748802 448699728
34 500251633 570269979 326595635 661391785 583000685 780296978 930230236 118007348 623208370 262290213 107209346 494749675 175067815 776654908 906378228 188556364 856326246 460134762 888223375 121927282 768698525 9505017 642675947 520838030 703838012 353096778 525611683 456718241 209279235 938342409 871358685 141313626 50704570 664239332
27 500978166 564164206 516836598 837384409 694723918 847465340 705821276 380536829 834977776 217219656 712522671 768321006 107733983 331693126 508406911 868534165 769529858 432760564 861497570 463433889 58034412 877930052 125609869 445204571 335325530 714120306 824321367
4 520057849 219709938 384932452 477304582
43 539166177 530541827 782671839 867561498 826641411 11956384 269750000 903295872 179225871 991026055 977322902 330353230 923107984 795348095 843203821 999494002 469547236 57830286 50236279 24290844 770743928 761733190 603118041 431402698 185175171 996073683 405515061 663928570 975313707 471463053 667835809 40427284 21930773 908509912 564632091 516355024 463097361 399752444 177702141 571604740 965816436 868943102 961070250
12 562157831 705290058 876842498 493539400 37048574 534153795 984979314 265704734 969841336 681847337 591175925 905553553
36 575913706 520754110 714684054 523512729 65465881 342963812 188228281 177172015 320839152 71309458 426982302 950341602 807607997 174462563 307186151 953235289 935547542 830281506 708612245 376375175 451879107 674072717 54796363 354128040 147282254 257879909 841030970 160710763 350684303 686420471 748774004 951357226 917222566 439341764 857508274 191026386
4 578166387 96974805 919370959 868297564
13 582072438 409653865 343074522 176883100 247420835 348760901 18753401 110355260 533073501 429074945 510428571 303773233 912980643
3 582263578 828754813 600831735
44 582918369 76120155 501383120 993298028 734379834 142866382 892032119 753937518 314587394 141319798 445800451 407435225 331386951 511935817 500992348 111923910 428439030 2853642 202754098 224776028 137371739 293836869 288072455 83010561 438722872 680302164 765940192 452746702 486337406 912785820 465394568 939897091 187454115 246723806 182258557 160132013 607993254 378348959 889802874 19797613 682716581 747800008 493103010 823096150
7 591613179 25687216 531875258 271525192 498696341 71258721 532959222
23 597657071 512565117 315784137 74182114 396937298 750725804 574954858 90927694 459078643 579325909 576964507 315531066 485327208 832260893 775613548 515358397 847343771 915163384 140394696 746789804 55571817 658591617 771973856
18 598511269 925308762 230715398 58969215 86785600 204639937 759814136 731173426 890630251 71231751 871768839 457551080 69315334 533826234 591920182 273284159 635956192 304888306
43 607201902 166909555 8069636 13110410 323852927 475562478 232146518 91189332 400616578 299591906 553183521 41474444 672248914 184842662 308281014 681945867 864849670 235401134 982018109 617981980 990622338 176444531 627135899 796107623 326092648 231468751 213765599 686278584 635470928 513597343 928855250 847529759 443206817 608435184 508270515 439437500 583515030 50670823 544173309 769581352 7900001 50944817 601001821
41 612855342 443416716 260903705 61334904 839448542 42267717 216013059 333388866 916971307 691708176 688698813 579947762 694232210 246079359 580250199 500639554 176912103 296016138 882308440 818820845 187544026 966264116 261939593 216568844 72424699 387144951 352084719 964179898 646063349 10750328 575533915 903499410 85156968 118541458 546625209 894478097 476993509 56152849 264262288 461784555 899458122
36 613708439 93351144 386206777 733849108 197333063 191893314 415789673 466059365 616158994 716573963 283710007 298034434 43512220 766105068 898258951 208881107 876751205 145993777 207677755 581743500 972750936 39471510 325552427 326311632 782545353 990024133 444319592 734819061 145757201 666687768 105087866 200698687 179052482 824870480 558037123 113117022
21 640893297 853629356 102795818 260312981 9333192 387145135 931627112 792210912 910360259 283469810 664006599 535641909 206628041 850196346 313121640 894255938 948741933 143772904 667480895 307170273 658692677
31 641565669 322797376 80790104 713972735 184567653 893476018 230764526 721656727 776502966 649897331 690104847 397320335 637146434 622366637 321057658 113166397 767435396 489177587 620485742 780011673 978489959 344391041 41572582 209444162 923844883 472947017 623802838 728746569 445452713 565991776 517070756
16 644355997 269016445 490707185 316434572 266745404 423128419 602153682 97592703 792507800 876642524 439571254 916519991 136271043 974415932 979577891 634783606
27 668943219 864462057 631343435 833738749 615156017 684071740 155386829 246046202 576977778 574140780 150173960 241774807 963252409 239170345 785129245 257236309 293986855 281377959 902151548 957357076 499175292 322340163 959726319 988087933 537724263 81113939 709886344
25 673858915 759141288 796848129 281760994 534251630 903081831 650700438 246928806 298199325 384437180 812668061 298766871 969627635 905538805 800826258 187324801 30738814 577118922 237080913 851461589 648035973 865814471 99829566 767125496 548857995
41 679452729 291914121 326570217 670847956 510824857 265988936 316204206 330649811 959577824 311123660 361545981 980553903 586845737 226777426 621181377 815483413 594474547 807058388 126143895 970074466 426231492 140931711 949721328 648269172 596300853 806624123 269869327 343194325 65240012 12668955 770681154 361256432 711202560 505422018 339516805 375864860 467343731 234550088 134953002 121337635 650501877
26 709400845 458032895 23719589 464625385 866698300 312342486 92370961 926007201 442728226 16790593 754820204 688680528 649130230 327433201 264044817 410753778 714807236 953065863 940578327 278367304 462986167 664107101 455388712 475747410 705776436 397715046
11 712312927 801060998 138025693 632123058 157110122 20185023 983456782 394497553 106327314 446959825 137176796
26 713212079 591917247 690242071 942287584 948999257 474993793 205725040 576678992 519433787 466795794 137086017 423071476 59205685 966822372 280128548 824218072 962143066 442081117 905114282 594879824 49203020 193735363 404729214 104559626 512311429 572052369
41 738678555 971522657 355624321 438486532 147142994 224621723 701550694 418845677 933673302 973442043 602350220 710587216 908798768 221502556 493030848 222471675 227995690 419396294 13271693 621095198 287881342 157284881 317080327 724023026 702744714 901078540 452906543 828785848 901548655 683712148 601783429 785215874 171252394 848245541 45812012 589540630 693529685 758137737 318928316 952689903 571711224
37 760492448 491800811 657733442 160972624 466304230 82165554 572875829 575881408 719242304 901199038 337974183 792755483 953937867 328586239 570492459 574469932 749027272 705391150 60080874 824861585 200895622 868868036 46562499 689692212 993503035 209505658 944312713 460627497 741857278 276095341 486114964 367039434 847911983 601565821 305980072 322146588 106654784
8 764344862 118024700 470062588 573651654 597153520 11946028 319289316 41145556
36 765276678 417359838 587650796 765980090 268516186 840418285 680912097 859428510 703766221 393539382 159475139 745255638 307841959 480071896 287981912 726460505 246294208 755376265 690551745 712130592 783679832 646543003 995842923 469233942 995308783 168682559 787750884 926694006 942194535 996932070 682439931 672939049 405444843 933110631 777505699 93754229
38 794463113 239444131 928835449 282127982 715247601 718186879 802539304 831475778 938820945 295901117 756618914 836155884 690194424 4006932 346617535 39890621 827897220 615568240 375230421 720056091 928569649 235524222 334857744 345662164 135338682 195904834 507983221 936545936 665038312 10265459 769805930 872936630 114799513 99366433 39409189 162509953 138208538 885382458
38 806946102 58717927 740683930 738240043 104873522 914179858 156645159 521722289 894859653 453057255 289606852 213327581 345571921 280254666 211797892 373279017 872849968 163314352 70725017 176169616 885410602 739579266 928976105 613886285 361958749 24555817 782022076 112732713 620634383 593221813 81741406 954335507 651968334 906114543 973818360 198254136 193044543 608890705
2 824782068 61765207
17 854246560 170516936 641470623 923043227 732359166 165959878 469265097 52004417 48741264 460051391 207567125 111028700 525969926 255955346 202845400 824165530 662797799
11 856346478 524651594 967670690 152331208 543185129 340828852 794574962 544698678 374066075 373931077 67173988
6 858237097 348899757 989338683 844914965 658006455 659984242
5 863597806 231769481 821190876 431830618 129985582
41 867998145 151701047 213594070 876338516 65436240 456141063 170500674 492918973 313905661 842535603 844278581 201202708 512936908 722119613 746173101 410028402 775818159 507833174 889331565 113036476 988295681 651730058 691854899 527581204 44283667 456363701 292503678 265964234 908892724 821581272 934631621 512388954 310159367 262990861 262989777 183462874 290437657 212570723 979288767 100342994 114703355
43 902344864 345629005 702118828 910054482 864534518 966656423 690723345 956764444 421456170 362005898 388255663 361535618 294511298 926963227 483953234 217300791 479347519 464228812 128564600 198235397 300202440 441029611 800660878 392012708 284217683 463706541 860108226 828155282 644488261 556237834 52140580 130626650 784127824 948279038 68604644 912312010 428155245 935011506 314171098 722269436 770916137 780452198 329113365
43 904908491 56590237 696456826 912432781 835082456 953262529 419716325 847335673 376373122 711706338 671985675 274943301 491115333 368586645 763828640 415487334 987981523 124120333 95593246 561481572 626221892 54404058 116299663 45513375 925252243 675411365 811081395 736789511 246203569 773492009 959413993 819697367 911726567 957599639 410535596 92508679 17966678 842322029 716142563 914857841 911307681 909094828 548397896
22 908131838 162129201 62153865 951619179 449201237 284667972 846560387 195827980 542220945 616540367 703285627 175286804 591242269 375816389 226836194 717221175 372218961 801518081 978677667 357186988 480497158 768570130
27 911726360 170981693 714253761 301628563 905670761 83869035 971077953 843397608 325697963 383207940 365762114 930583220 122096962 604430778 949347576 4936259 818442730 135801459 569135693 13881554 165265911 179274681 668522158 762057225 448187223 43044596 384585326
8 943797891 942763793 907776281 587149636 466272328 52486255 62170188 399486692
47 955545911 335366933 631394584 903116669 350565664 599913118 395564440 263498310 561524993 860790641 847399607 502944035 24111806 31151614 626442968 714864042 997630471 753292913 192350910 750530143 338963 873566776 977984195 753295015 331626105 822999636 608298756 142728665 999052736 631064718 832416005 787691557 207176759 4329837 487643275 553814382 784062800 65047141 618683415 772295481 244012985 359971071 14776260 916010490 517853320 797612329 608665138
7 960454739 225671242 433283205 135594936 24237026 461445672 53408330
13 961852481 359476235 808997949 591192981 387996863 996165737 618942439 230087939 951052101 763648292 782149145 506313276 469526785
100
OUT_BACK 46
IN_BACK 471153405 86
NEW 883897673
MOVE_FRONT 49 73
IN_FRONT 303359870 21
MOVE_FRONT 33 67
MOVE_FRONT 95 30
OUT_BACK 63
NEW 91027184
NEW 110151592
OUT_BACK 62
IN_BACK 297928432 57
MOVE_FRONT 46 86
OUT_BACK 27
OUT_BACK 31
IN_FRONT 446961990 34
IN_FRONT 740113292 70
MOVE_FRONT 76 97
IN_FRONT 472913722 41
MOVE_FRONT 59 93
IN_BACK 947781289 44
IN_BACK 532441074 23
NEW 679360517
OUT_BACK 56
OUT_BACK 97
MOVE_FRONT 20 95
IN_FRONT 877061990 7
IN_FRONT 83434402 14
OUT_BACK 38
MOVE_FRONT 22 19
IN_BACK 515282567 43
IN_BACK 619282575 96
NEW 748781981
NEW 612123085
NEW 732120211
MOVE_FRONT 55 27
NEW 853438448
IN_FRONT 67951159 66
IN_FRONT 792425289 63
MOVE_FRONT 14 9
OUT_BACK 16
IN_BACK 658847983 85
MOVE_FRONT 80 94
NEW 800180305
MOVE_FRONT 36 63
IN_BACK 892404208 10
IN_FRONT 739275251 16
NEW 873442601
OUT_BACK 5
NEW 170823582
NEW 158739793
OUT_BACK 57
MOVE_FRONT 79 85
MOVE_FRONT 98 55
IN_BACK 798942479 79
IN_FRONT 563598940 11
IN_BACK 899730379 85
MOVE_BACK 38 29
IN_BACK 271529192 69
IN_FRONT 761763046 45
MOVE_BACK 38 62
MOVE_FRONT 35 48
NEW 345767962
NEW 608828913
IN_FRONT 815224947 93
MOVE_BACK 12 79
IN_BACK 913686320 76
OUT_BACK 70
MOVE_BACK 14 68
MOVE_FRONT 38 5
MOVE_FRONT 49 32
MOVE_FRONT 38 5
MOVE_BACK 50 16
OUT_BACK 13
MOVE_BACK 71 69
MOVE_FRONT 1 10
NEW 408028012
NEW 206376619
NEW 538144400
IN_FRONT 282983968 15
NEW 938744902
NEW 395509640
IN_BACK 307968058 47
IN_BACK 768771701 20
NEW 1743298
IN_FRONT 244423608 9
OUT_BACK 9
MOVE_FRONT 56 64
NEW 567325365
IN_BACK 943632772 83
IN_FRONT 573474365 86
MOVE_FRONT 72 92
NEW 431211892
NEW 251779761
MOVE_BACK 23 68
NEW 531649363
IN_BACK 517060838 72
NEW 864826587
OUT_BACK 24
MOVE_FRONT 46 69
