200
42 694 104 299 229 150 266 55 34 645 987 373 167 527 217 687 794 557 473 758 482 161 135 352 731 835 29 793 982 955 404 760 500 28 361 524 723 272 310 60 410 557 401
26 142 52 986 951 607 699 958 861 117 582 785 281 92 542 336 305 318 741 300 874 975 669 363 343 596 213
46 669 837 511 371 130 761 449 315 832 689 766 975 553 877 160 4 552 762 684 537 82 589 129 694 503 401 406 843 401 860 752 765 496 16 558 155 519 669 17 158 270 523 666 559 253 957
16 995 898 826 840 49 272 909 979 61 412 501 556 965 636 894 934
14 263 462 29 902 843 988 24 545 967 738 605 443 117 827
32 75 659 95 935 215 639 948 773 741 781 703 257 652 246 488 866 333 470 900 402 903 658 891 843 768 669 457 722 119 918 338 207
4 87 190 454 550
4 301 805 722 77
6 810 901 466 477 673 560
31 389 199 956 849 998 758 989 132 29 109 391 770 182 778 258 801 59 535 777 817 20 535 529 921 32 59 917 820 473 606 566
4 494 153 519 779
46 435 910 946 305 433 662 479 515 78 290 134 673 15 573 932 933 694 5 669 718 760 61 248 784 477 801 369 682 924 149 420 793 16 846 24 18 796 954 488 277 590 731 793 981 402 438
4 243 806 610 932
50 869 508 699 350 787 208 828 398 92 265 352 144 809 753 973 819 912 877 632 680 758 992 655 570 444 872 841 628 988 981 579 906 534 477 247 887 875 164 786 69 637 953 147 860 177 188 763 825 770 228
16 504 643 693 172 349 873 790 35 963 91 872 205 615 583 43 682
23 474 451 706 564 691 983 33 775 756 42 39 712 246 778 83 41 169 790 315 121 909 541 299
8 199 129 311 384 603 779 967 242
25 56 798 399 961 632 71 671 31 623 869 963 320 93 300 607 378 40 489 994 179 345 315 651 933 404
27 990 760 497 818 788 610 47 835 97 485 720 183 998 237 568 48 726 196 63 614 110 524 214 810 982 345 614
17 428 809 475 547 448 184 864 455 169 932 589 941 190 106 739 831 145
15 927 389 638 542 429 931 722 275 836 226 727 953 823 960 747
47 620 116 879 361 29 578 749 268 556 671 427 283 852 946 173 444 258 151 567 282 651 257 663 994 134 596 425 241 970 876 276 792 466 133 978 661 989 112 485 71 875 318 268 813 928 620 677
36 181 219 956 228 4 443 146 845 809 908 281 403 577 593 59 875 714 153 355 633 721 763 667 400 931 965 588 101 723 185 532 256 826 421 386 7
21 134 613 321 16 752 42 684 49 499 772 948 879 30 878 161 200 521 44 731 122 178
34 525 817 510 360 83 927 297 564 201 570 388 309 241 112 442 185 824 109 159 75 750 661 397 424 193 629 205 660 669 827 270 859 658 702
39 923 777 623 898 999 532 415 442 734 770 723 238 418 971 587 152 645 846 928 125 388 397 203 843 312 769 402 976 378 96 733 340 899 519 783 93 510 29 576
9 317 719 879 866 183 305 509 505 300
15 85 48 375 329 399 383 426 324 123 338 512 323 643 894 171
17 818 901 198 17 408 536 956 812 999 232 303 830 856 488 165 382 647
43 997 472 429 358 967 313 979 649 378 894 748 55 311 370 772 391 770 298 141 39 744 422 816 748 980 174 256 9 980 870 498 121 737 200 688 122 356 501 413 616 987 599 364
47 530 358 73 143 679 413 233 30 78 896 45 204 523 852 872 486 38 843 818 655 391 251 910 33 707 106 142 981 728 49 494 823 354 697 166 88 688 734 536 905 1000 727 986 770 79 358 182
36 917 314 284 945 925 79 361 270 442 679 640 305 164 191 95 165 578 960 901 863 938 689 824 701 476 422 875 434 972 542 460 368 958 646 883 98
32 878 638 653 675 485 465 811 420 551 835 955 358 7 885 368 216 361 987 92 4 737 868 401 760 826 991 749 774 516 115 863 434
13 81 866 516 50 357 493 363 851 966 324 954 593 575
25 79 796 326 772 998 925 426 971 292 572 338 391 791 927 49 164 483 784 909 857 87 82 766 932 246
44 100 684 882 594 513 567 939 101 733 320 724 565 976 500 447 65 99 34 303 683 816 149 778 651 983 111 274 560 706 683 737 842 40 231 610 782 190 372 183 367 556 340 196 822
33 911 450 357 12 114 192 805 612 493 212 682 451 390 839 144 188 7 55 901 575 73 366 387 282 60 783 743 598 500 273 355 86 921
46 588 90 539 944 809 489 640 980 921 149 948 452 39 40 644 149 149 621 103 82 906 753 697 824 210 729 837 582 528 957 238 182 194 329 66 961 689 652 636 247 932 705 316 252 712 35
5 678 526 622 267 858
7 856 527 166 730 583 721 25
24 324 937 351 755 268 321 761 659 728 371 801 790 986 858 619 128 376 927 390 764 765 403 266 515
42 876 436 828 508 870 261 732 247 871 753 195 841 262 250 827 177 129 949 229 13 146 316 650 627 942 306 922 640 114 654 741 492 554 343 4 550 183 838 123 635 675 352
43 234 516 866 500 803 788 759 715 342 617 469 938 1 893 182 478 465 100 866 762 344 357 946 390 207 272 543 226 347 738 273 711 300 272 628 730 643 829 892 38 489 233 745
11 308 185 949 858 4 53 91 630 996 307 914
12 53 765 342 149 340 656 216 539 427 756 347 314
40 259 71 472 10 24 908 334 642 534 324 236 927 482 291 86 748 30 554 71 305 58 702 409 208 649 584 742 434 853 517 199 571 512 262 102 676 609 506 441 887
25 742 414 916 565 7 405 66 482 647 575 138 28 43 833 13 760 869 293 822 960 349 293 906 601 610
34 308 672 759 939 605 841 112 861 993 532 331 632 412 980 716 313 123 5 225 298 95 834 100 834 267 384 439 681 591 978 265 406 238 17
42 560 58 552 710 469 752 122 420 818 69 48 678 872 703 659 676 823 336 698 953 938 245 985 231 886 646 982 959 584 414 201 965 834 57 455 666 826 237 571 828 648 977
34 928 169 571 433 984 501 366 997 167 9 128 543 568 953 889 178 999 214 799 226 839 656 23 299 11 328 494 571 512 141 149 309 343 385
23 947 593 894 444 287 35 659 239 238 880 813 638 810 198 812 174 58 296 683 102 392 171 507
7 862 525 725 564 150 183 802
50 957 963 457 750 739 432 139 87 98 562 175 72 201 39 149 751 772 412 977 788 401 638 439 263 857 725 221 298 937 851 9 374 164 186 471 897 207 683 543 260 152 290 994 875 164 543 239 262 60 256
16 837 387 433 831 856 726 318 488 652 921 799 706 969 746 954 479
8 372 671 114 146 419 532 282 844
18 425 708 327 966 846 908 851 465 968 81 460 931 922 506 932 155 104 817
8 693 799 650 207 857 561 623 373
25 692 980 582 564 194 466 701 734 259 874 244 985 598 655 998 267 119 896 112 498 186 617 175 448 869
20 379 520 692 267 200 840 46 867 293 498 485 923 581 649 867 385 139 644 391 910
29 650 767 334 28 187 384 1000 929 55 737 598 687 717 621 755 912 714 718 59 69 116 151 804 659 761 482 767 133 705
25 531 727 69 800 110 154 674 846 977 243 326 149 199 719 110 983 785 345 945 336 209 739 477 587 345
33 76 45 448 756 434 45 584 182 510 253 423 280 731 106 855 546 857 238 404 743 549 319 130 711 106 953 569 338 266 646 302 152 381
8 247 798 124 825 18 740 339 713
22 641 177 781 304 383 957 248 130 124 150 441 10 669 519 715 110 551 686 196 535 832 256
6 184 159 979 913 773 420
18 602 285 770 521 974 494 537 533 312 596 960 279 744 277 584 734 267 524
40 366 728 807 549 65 893 488 193 50 832 925 323 189 219 148 750 574 558 134 906 188 336 630 594 306 544 911 492 186 661 263 871 318 798 460 811 197 900 642 18
42 83 502 997 699 31 601 537 277 156 820 664 280 645 981 867 859 302 268 733 879 13 348 627 905 867 705 152 750 553 890 61 426 845 683 717 197 732 523 519 850 833 980
3 772 492 924
23 976 150 919 519 946 64 863 149 869 323 977 142 474 434 117 871 875 971 858 817 101 773 451
25 152 428 250 117 221 207 472 839 795 323 318 349 405 312 978 279 299 665 674 291 684 937 126 578 797
31 581 923 856 670 383 389 428 359 682 334 93 932 820 401 512 9 923 364 46 186 444 447 322 410 998 160 8 420 834 564 835
6 690 8 67 955 811 686
44 414 272 858 514 277 156 692 821 566 931 248 727 827 230 969 892 745 434 964 482 949 324 368 682 42 203 532 137 80 329 465 573 974 543 86 215 32 301 771 772 275 283 125 230
25 70 855 429 890 34 82 750 842 353 675 110 878 493 859 774 913 368 996 322 203 341 678 335 983 410
10 553 999 29 598 342 638 320 527 331 227
30 461 97 453 587 672 107 194 836 64 534 706 777 986 997 384 268 342 248 784 216 853 153 843 998 80 492 304 247 508 312
38 710 74 989 164 777 187 364 449 988 664 173 487 490 31 570 873 858 529 174 102 274 377 344 190 506 79 858 433 55 731 985 687 714 181 456 802 4 720
5 615 441 327 208 92
5 359 28 787 161 501
23 940 396 785 386 89 141 199 142 659 332 878 265 627 666 834 565 74 339 676 700 321 535 81
7 805 515 455 527 826 942 652
35 768 851 705 458 555 299 84 402 204 532 987 197 621 945 780 552 682 751 546 691 683 530 225 270 230 378 866 337 665 237 635 774 941 634 766
23 334 255 849 500 607 280 677 185 746 653 832 589 733 838 462 759 832 125 852 626 811 185 189
18 837 994 77 52 454 862 459 750 222 63 755 127 615 206 401 528 229 192
16 553 63 811 180 763 709 366 886 745 136 867 458 396 289 9 575
36 585 106 868 323 456 965 238 623 106 521 970 607 443 912 182 190 875 939 433 76 789 975 747 672 169 876 903 806 617 534 286 428 505 810 805 965
2 711 662
39 635 654 988 833 240 71 263 826 863 257 880 510 557 262 111 273 562 697 344 974 443 717 196 759 490 283 515 507 425 847 246 575 245 584 139 548 415 34 891
18 238 786 261 356 840 453 293 81 728 453 119 104 993 881 533 821 992 712
5 999 287 914 956 335
10 579 804 34 276 269 540 412 484 905 205
49 539 953 914 949 213 349 610 359 647 880 79 532 879 942 467 622 551 212 98 739 241 452 290 719 860 980 607 746 189 586 643 134 993 382 298 144 430 668 932 216 578 636 684 542 315 792 701 315 45
24 277 905 282 399 97 960 619 899 799 983 189 10 67 243 263 480 801 910 576 31 929 495 53 467
17 665 864 83 68 723 788 157 664 101 237 6 390 601 868 6 162 813
34 996 858 692 400 851 467 467 365 192 582 895 189 479 10 792 290 89 979 330 881 644 737 393 741 959 907 62 524 57 626 138 570 101 42
25 113 923 483 884 610 990 766 917 957 565 915 544 525 169 703 500 751 818 850 490 480 558 30 722 782
1 324
3 463 472 481
48 702 692 686 219 204 899 949 876 50 417 495 467 333 868 274 412 67 27 1000 469 65 470 339 666 327 294 300 782 755 905 835 282 810 625 680 414 757 75 200 770 704 727 899 687 198 281 330 198
2 946 943
44 652 115 212 18 58 104 869 397 882 533 306 382 449 464 116 224 723 10 1 768 266 467 923 974 852 809 810 384 979 69 386 973 541 282 39 509 884 762 677 354 584 895 412 858
18 939 16 828 800 629 902 621 429 761 811 270 83 418 415 468 647 990 6
17 568 502 871 528 920 161 566 946 897 348 636 515 163 760 710 969 362
49 227 443 612 428 598 218 71 943 692 55 49 130 775 915 186 940 353 934 739 399 277 31 810 151 55 909 837 681 883 344 404 357 250 247 195 10 434 911 469 181 173 404 132 494 761 423 629 631 136
28 633 857 69 335 53 60 439 651 875 955 475 526 977 786 385 212 127 334 849 183 951 207 902 896 277 268 648 28
40 955 160 134 557 595 228 21 391 728 906 538 536 754 329 152 95 451 419 920 452 859 8 823 106 954 140 327 880 705 263 615 345 205 141 368 331 809 28 333 101
8 59 533 529 802 763 793 873 91
29 44 85 454 442 148 19 721 330 284 656 65 52 955 314 216 612 581 56 670 642 51 113 939 255 225 505 967 635 349
28 38 322 775 103 595 341 321 260 56 188 892 601 799 737 708 317 929 1000 305 767 520 154 940 368 570 897 266 181
47 414 880 728 809 430 155 165 871 803 394 634 108 294 523 912 489 818 382 615 939 557 146 918 202 328 786 111 8 909 676 328 351 23 254 598 135 525 925 380 92 945 499 554 400 917 396 913
8 893 581 938 866 791 434 726 47
7 899 40 360 591 90 335 595
16 179 160 949 68 160 432 7 195 648 886 489 988 148 55 717 820
38 603 11 635 894 245 133 988 434 73 62 892 689 805 635 527 812 362 454 309 593 148 379 916 910 900 522 903 118 871 672 292 827 487 529 468 193 239 926
33 531 108 646 879 476 615 765 725 635 711 278 143 140 444 670 577 207 30 143 883 776 940 293 841 954 504 305 582 784 591 519 224 394
27 726 460 424 305 795 114 734 749 290 227 108 949 675 303 73 930 357 859 396 458 297 79 182 716 526 206 759
16 420 734 363 236 831 712 785 278 914 553 872 351 381 775 262 410
19 263 263 266 271 51 990 343 889 66 699 637 660 503 697 651 169 387 691 569
33 509 98 802 110 376 21 449 564 574 862 80 314 160 29 228 154 703 139 60 927 221 685 120 304 541 643 551 922 425 844 368 841 769
34 354 83 513 698 935 738 300 319 771 620 189 199 595 777 636 607 56 344 181 57 498 261 348 553 465 915 165 92 279 186 472 423 410 77
33 393 389 420 717 126 814 361 41 266 50 72 957 382 309 727 662 105 942 440 657 446 222 672 122 94 825 661 164 74 989 384 524 464
29 548 702 287 822 595 801 744 527 612 54 91 79 434 339 731 975 148 367 807 233 20 966 718 681 511 899 774 647 992
47 521 105 793 858 541 350 959 577 207 85 864 284 731 139 236 202 810 371 501 178 392 767 333 691 440 197 235 537 887 518 977 585 578 96 340 718 629 826 49 860 34 711 625 346 289 836 257
27 506 196 472 351 452 988 333 326 41 872 621 536 568 91 502 204 342 246 539 124 403 568 173 440 853 235 410
6 627 407 260 65 71 24
4 688 552 163 186
50 403 454 2 470 742 164 677 714 210 488 674 202 330 169 998 391 404 172 487 846 786 304 706 857 477 866 426 19 744 640 222 61 908 459 413 374 493 117 848 599 168 466 532 156 679 988 218 806 851 966
17 925 381 530 864 955 113 566 417 700 151 528 934 137 55 714 922 764
8 354 108 438 158 416 517 60 78
36 572 712 167 53 719 308 350 697 392 121 733 103 730 333 266 127 494 555 72 921 454 197 708 429 293 844 766 999 554 80 770 218 663 83 962 557
28 511 202 274 391 448 535 115 872 404 725 728 74 351 123 883 949 84 893 285 896 853 438 73 478 731 768 846 305
25 282 386 385 155 164 721 49 892 354 789 31 757 131 631 510 793 445 812 146 221 662 980 655 877 945
39 925 217 996 330 948 311 954 976 249 299 465 409 570 225 298 49 660 410 489 290 414 340 120 600 169 52 780 14 526 1000 739 362 652 703 921 451 181 801 310
15 940 75 453 431 110 58 83 635 570 97 682 554 981 62 746
7 86 406 763 264 35 945 921
24 871 232 292 372 1 955 242 255 985 351 564 838 417 988 506 471 917 261 380 349 81 457 142 289
8 670 182 853 481 741 661 451 88
16 248 906 994 608 499 336 161 100 537 419 702 755 97 409 106 186
14 559 909 865 176 470 765 624 314 826 348 592 317 805 725
16 58 441 637 477 907 482 139 685 240 369 107 819 974 893 933 109
3 987 164 340
10 399 838 937 771 979 863 613 812 180 402
2 302 76
5 214 80 337 520 374
33 685 98 415 388 423 1000 713 693 422 147 804 406 430 101 796 420 323 815 962 302 346 426 813 848 903 760 719 565 169 374 899 80 562
13 621 543 939 969 354 989 940 431 30 683 216 814 853
44 359 57 937 519 141 417 570 571 143 841 587 14 126 824 705 80 405 834 487 523 581 724 204 456 495 930 902 261 225 902 528 336 850 967 367 931 519 780 218 572 296 67 240 503
9 883 835 962 545 602 298 357 793 892
50 268 870 17 32 698 877 9 754 227 832 478 432 751 206 310 658 486 389 932 944 516 592 178 917 923 331 981 897 503 155 413 445 714 787 552 128 941 753 642 782 607 591 722 359 645 941 300 446 422 131
32 872 82 212 34 380 23 519 343 378 815 375 868 804 609 202 211 9 898 823 61 192 376 512 815 651 431 73 256 864 269 471 347
31 102 798 467 9 976 796 599 640 897 852 43 563 952 365 784 581 940 735 93 945 914 153 827 140 18 185 942 608 208 945 535
45 96 410 542 582 98 872 13 622 22 818 816 509 273 556 209 131 869 947 152 199 742 900 807 284 817 185 875 33 775 329 446 379 191 387 26 498 594 815 968 589 640 257 206 522 792
3 855 542 733
45 781 195 44 593 687 984 388 771 984 599 259 317 689 152 876 137 40 460 740 779 265 484 293 463 577 925 392 628 191 506 992 680 970 420 111 697 626 791 747 632 635 443 544 260 389
40 217 925 843 269 764 702 991 379 598 568 418 783 686 200 448 597 22 380 738 234 635 591 261 69 317 134 896 909 522 406 548 904 742 221 340 748 129 731 398 976
34 452 798 486 966 277 827 602 829 885 376 570 844 28 362 224 86 850 965 513 317 783 986 730 347 882 471 651 997 349 763 180 540 333 868
31 58 168 951 520 510 127 3 504 923 211 427 845 715 204 582 463 675 324 701 147 796 57 664 817 262 826 437 756 584 201 694
29 216 975 302 683 461 504 832 410 942 995 146 522 362 158 393 22 261 668 932 579 615 996 445 272 836 80 238 464 371
30 472 717 556 771 611 82 971 481 128 101 137 151 562 359 321 863 90 785 680 772 490 454 453 39 705 663 553 529 749 727
48 742 455 843 677 298 376 829 572 19 186 326 152 138 65 309 533 375 72 865 664 264 47 462 210 893 106 495 75 507 870 665 947 52 996 104 44 336 136 1 372 314 651 962 207 608 116 249 913
34 261 240 232 868 233 850 272 994 404 413 416 915 651 284 89 286 763 863 599 168 445 577 560 105 726 710 570 822 845 967 169 591 118 260
34 781 356 572 219 394 51 916 354 588 666 34 470 511 31 28 593 982 781 274 612 198 113 5 173 823 834 202 459 584 839 415 533 318 418
49 976 265 298 952 199 451 966 663 973 869 669 83 974 559 891 64 27 596 326 851 340 920 7 63 232 95 523 911 912 137 69 626 242 78 213 178 786 780 257 178 602 945 825 449 174 860 38 682 22
10 340 171 252 935 954 302 440 192 143 914
26 947 422 163 299 919 678 144 63 90 970 76 263 328 264 600 259 201 172 874 161 740 144 445 62 393 847
26 491 111 516 104 528 32 638 509 378 657 118 139 494 320 301 667 86 62 136 420 197 846 922 151 863 674
17 400 232 724 456 64 376 10 711 951 791 627 152 735 666 766 363 196
8 833 986 976 854 239 627 443 541
11 379 967 466 945 69 417 692 212 806 372 344
16 70 815 557 339 686 583 804 888 936 575 610 113 503 451 540 311
8 677 918 704 602 550 224 704 423
14 109 573 159 655 113 363 334 187 134 725 522 559 275 693
9 503 386 947 136 216 100 898 303 580
20 896 801 96 628 916 480 266 856 873 301 758 173 697 290 584 973 653 161 67 931
8 31 976 613 556 377 731 251 244
37 63 394 168 213 1 573 727 564 953 248 751 22 205 538 888 7 873 472 326 543 465 536 333 393 495 392 7 262 263 523 129 709 903 237 300 642 780
6 62 104 992 699 129 236
26 923 844 368 122 72 845 192 891 510 560 948 534 303 105 866 761 618 485 616 538 920 406 147 439 766 222
5 402 491 780 11 13
37 737 311 516 69 671 871 794 557 85 227 885 741 27 373 691 756 749 451 817 917 886 180 896 313 430 155 524 970 394 73 754 339 799 213 686 331 794
25 430 16 558 426 703 664 923 127 106 146 800 54 834 51 446 200 476 861 80 320 867 866 130 831 440
16 117 135 67 26 772 559 104 973 918 325 648 117 888 499 419 723
16 696 327 446 766 304 892 26 267 740 46 304 129 281 270 111 537
36 55 432 629 507 672 199 178 193 132 84 770 707 522 691 5 558 820 212 623 852 279 235 363 722 520 619 139 255 978 48 612 29 955 891 603 221
7 565 618 999 700 975 804 670
11 838 112 18 762 788 861 343 531 817 307 99
29 89 433 85 153 518 809 793 674 870 428 640 232 499 412 173 832 459 809 230 354 308 886 421 563 14 939 779 130 401
21 373 622 631 965 777 73 672 190 223 810 885 585 425 139 715 761 11 533 886 941 901
28 38 201 293 991 227 394 835 971 559 922 569 405 733 686 17 927 51 370 376 360 427 279 289 213 979 165 898 427
30 989 746 981 602 330 621 64 893 146 762 824 684 678 722 12 815 110 422 988 703 205 339 962 762 890 588 549 687 57 20
5 120 300 8 349 206
39 507 444 157 367 868 219 432 443 468 846 320 272 882 524 793 553 443 97 273 900 45 103 552 138 810 553 2 691 467 539 114 692 930 89 809 990 34 884 924
22 288 867 473 657 167 166 931 17 440 298 736 935 634 827 230 123 104 43 191 864 217 537
4 183 929 283 449
47 60 666 957 513 748 428 197 131 505 479 112 331 898 283 47 186 2 619 268 423 173 464 707 72 65 793 905 202 738 258 345 792 142 112 502 804 111 799 578 725 142 849 668 333 117 451 952
45 165 845 673 319 998 109 34 504 437 489 418 352 887 671 261 687 628 51 223 190 167 653 555 183 586 963 978 778 902 922 879 926 927 461 967 536 734 872 535 18 481 92 389 739 53
8 960 103 844 606 836 347 465 81
39 631 703 756 973 232 898 14 256 321 669 136 484 549 114 443 39 788 569 278 217 576 736 531 296 546 320 293 729 582 360 232 820 984 170 189 545 425 300 337
19 138 753 905 52 235 750 59 406 777 625 660 567 242 147 922 319 318 758 501
1000
NEW 484
OUT_BACK 104
OUT_BACK 85
OUT_BACK 70
MOVE_BACK 189 159
IN_FRONT 1000 37
NEW 108
NEW 446
MOVE_BACK 171 157
MOVE_BACK 91 191
IN_FRONT 558 170
NEW 290
NEW 976
MOVE_BACK 113 78
OUT_BACK 66
OUT_BACK 6
NEW 869
MOVE_FRONT 88 70
NEW 990
OUT_BACK 118
OUT_BACK 61
NEW 371
NEW 736
IN_BACK 977 18
MOVE_BACK 60 66
OUT_BACK 158
NEW 852
MOVE_FRONT 156 12
MOVE_BACK 125 10
NEW 73
IN_BACK 678 141
IN_FRONT 450 185
NEW 577
MOVE_FRONT 175 101
IN_BACK 594 65
IN_FRONT 137 166
MOVE_BACK 174 10
OUT_BACK 137
MOVE_FRONT 134 19
MOVE_BACK 151 23
NEW 424
IN_FRONT 660 17
NEW 258
IN_BACK 565 100
IN_BACK 818 65
MOVE_FRONT 154 183
MOVE_BACK 106 37
IN_BACK 749 154
IN_FRONT 60 71
OUT_BACK 182
OUT_BACK 160
OUT_BACK 174
MOVE_FRONT 85 178
IN_BACK 250 8
MOVE_FRONT 134 136
IN_FRONT 211 142
IN_FRONT 610 140
NEW 884
NEW 25
NEW 925
MOVE_BACK 58 81
OUT_BACK 108
MOVE_FRONT 7 181
IN_FRONT 209 114
NEW 674
NEW 828
OUT_BACK 12
OUT_BACK 97
IN_FRONT 178 56
IN_BACK 360 78
OUT_BACK 102
OUT_BACK 125
IN_BACK 536 28
MOVE_FRONT 44 24
MOVE_FRONT 160 37
MOVE_BACK 110 106
MOVE_BACK 85 68
MOVE_BACK 1 53
OUT_BACK 171
IN_BACK 181 63
IN_FRONT 886 145
IN_BACK 936 29
NEW 123
NEW 937
MOVE_FRONT 138 29
NEW 270
IN_FRONT 29 74
MOVE_BACK 107 157
OUT_BACK 144
IN_FRONT 663 115
MOVE_BACK 138 193
NEW 671
NEW 561
IN_FRONT 840 174
MOVE_BACK 148 67
MOVE_FRONT 117 149
OUT_BACK 82
OUT_BACK 36
MOVE_FRONT 94 136
MOVE_FRONT 142 178
NEW 357
IN_FRONT 317 62
IN_FRONT 215 147
MOVE_FRONT 121 145
OUT_BACK 104
NEW 543
IN_BACK 84 104
OUT_BACK 182
IN_BACK 349 99
MOVE_FRONT 170 53
NEW 713
IN_FRONT 706 92
IN_FRONT 509 68
OUT_BACK 75
NEW 240
OUT_BACK 60
IN_BACK 948 38
MOVE_BACK 64 18
IN_FRONT 948 130
NEW 735
MOVE_FRONT 36 97
IN_FRONT 577 64
NEW 514
IN_FRONT 414 67
OUT_BACK 9
MOVE_FRONT 45 62
NEW 694
OUT_BACK 171
NEW 67
IN_FRONT 175 105
OUT_BACK 144
IN_BACK 122 43
NEW 56
NEW 394
IN_BACK 630 162
NEW 305
NEW 193
IN_BACK 893 94
OUT_BACK 57
MOVE_FRONT 38 117
MOVE_FRONT 127 4
IN_BACK 507 52
IN_FRONT 320 32
IN_BACK 288 62
MOVE_BACK 120 181
MOVE_BACK 163 164
MOVE_FRONT 87 66
IN_FRONT 359 165
NEW 424
IN_BACK 680 166
MOVE_FRONT 179 177
MOVE_BACK 84 125
NEW 934
MOVE_FRONT 64 138
OUT_BACK 125
NEW 348
OUT_BACK 61
MOVE_FRONT 41 25
IN_FRONT 192 53
OUT_BACK 75
NEW 320
NEW 493
NEW 833
IN_FRONT 339 118
NEW 911
IN_FRONT 144 68
IN_BACK 620 65
MOVE_BACK 177 32
NEW 741
MOVE_FRONT 113 136
NEW 739
MOVE_BACK 25 108
OUT_BACK 61
IN_BACK 80 49
IN_BACK 902 72
NEW 953
NEW 681
IN_FRONT 43 55
IN_FRONT 878 156
NEW 225
MOVE_BACK 90 159
MOVE_FRONT 127 72
NEW 587
IN_FRONT 489 115
NEW 946
MOVE_BACK 153 61
MOVE_FRONT 97 65
MOVE_FRONT 161 113
IN_FRONT 781 153
IN_BACK 171 19
IN_BACK 213 159
IN_FRONT 521 155
OUT_BACK 187
MOVE_BACK 193 183
OUT_BACK 165
NEW 697
MOVE_FRONT 108 168
MOVE_FRONT 123 161
IN_BACK 148 19
MOVE_BACK 48 86
NEW 452
IN_BACK 214 173
MOVE_FRONT 157 15
IN_BACK 571 144
IN_FRONT 629 3
IN_BACK 898 160
MOVE_BACK 106 176
MOVE_BACK 137 93
MOVE_BACK 78 112
MOVE_FRONT 110 185
MOVE_BACK 104 105
IN_BACK 395 71
OUT_BACK 152
MOVE_BACK 37 124
MOVE_BACK 163 34
IN_FRONT 964 18
IN_FRONT 843 84
IN_BACK 692 170
NEW 407
IN_FRONT 580 119
IN_FRONT 361 154
MOVE_BACK 154 66
MOVE_FRONT 101 17
MOVE_FRONT 139 122
OUT_BACK 169
NEW 151
MOVE_FRONT 178 80
NEW 293
IN_FRONT 924 177
NEW 536
NEW 599
NEW 588
NEW 579
IN_FRONT 204 45
MOVE_FRONT 134 138
IN_FRONT 593 72
IN_FRONT 502 168
IN_FRONT 484 99
MOVE_FRONT 78 1
IN_FRONT 736 164
NEW 640
IN_BACK 740 182
MOVE_FRONT 27 54
NEW 362
NEW 142
IN_FRONT 528 168
IN_FRONT 874 127
IN_BACK 216 87
MOVE_BACK 122 170
NEW 460
IN_FRONT 115 126
NEW 94
OUT_BACK 39
IN_FRONT 474 144
IN_BACK 411 90
OUT_BACK 79
OUT_BACK 171
NEW 540
IN_BACK 229 31
MOVE_FRONT 169 17
IN_FRONT 603 122
IN_BACK 168 33
MOVE_FRONT 80 103
NEW 111
NEW 283
NEW 690
OUT_BACK 14
IN_FRONT 990 72
IN_BACK 748 116
NEW 599
NEW 334
MOVE_BACK 6 67
MOVE_FRONT 113 79
IN_FRONT 946 3
OUT_BACK 45
MOVE_FRONT 3 68
NEW 85
IN_FRONT 789 130
IN_BACK 887 175
IN_FRONT 426 121
IN_BACK 334 166
NEW 888
NEW 505
IN_BACK 969 109
IN_BACK 245 121
OUT_BACK 154
IN_BACK 586 91
OUT_BACK 84
IN_FRONT 909 26
OUT_BACK 99
OUT_BACK 144
MOVE_BACK 113 6
MOVE_FRONT 149 60
MOVE_BACK 141 132
MOVE_FRONT 169 179
NEW 757
IN_FRONT 126 85
NEW 897
OUT_BACK 65
NEW 986
NEW 12
MOVE_FRONT 94 185
MOVE_FRONT 87 66
OUT_BACK 7
NEW 606
IN_FRONT 645 75
NEW 210
NEW 536
IN_BACK 395 36
MOVE_BACK 15 2
NEW 53
MOVE_FRONT 133 79
NEW 59
NEW 683
IN_BACK 368 104
OUT_BACK 41
NEW 490
IN_BACK 575 56
IN_FRONT 452 126
MOVE_FRONT 126 2
OUT_BACK 168
IN_FRONT 153 58
MOVE_BACK 40 106
IN_BACK 579 85
NEW 614
MOVE_BACK 30 172
OUT_BACK 178
MOVE_BACK 50 116
MOVE_BACK 136 77
MOVE_BACK 78 1
MOVE_BACK 70 96
MOVE_BACK 161 72
NEW 38
NEW 787
MOVE_FRONT 182 121
OUT_BACK 83
IN_BACK 732 55
MOVE_BACK 175 184
IN_FRONT 488 111
MOVE_BACK 31 52
NEW 70
OUT_BACK 89
OUT_BACK 154
MOVE_FRONT 16 72
NEW 746
OUT_BACK 126
NEW 248
IN_BACK 617 16
MOVE_FRONT 128 56
NEW 649
MOVE_BACK 17 149
NEW 238
NEW 350
NEW 710
IN_FRONT 114 49
NEW 595
IN_FRONT 650 35
IN_BACK 260 77
MOVE_BACK 145 37
NEW 168
MOVE_FRONT 23 52
NEW 330
IN_FRONT 977 157
OUT_BACK 73
NEW 83
IN_BACK 958 35
NEW 805
NEW 709
NEW 386
NEW 711
IN_BACK 780 62
MOVE_FRONT 107 166
MOVE_FRONT 167 114
OUT_BACK 45
MOVE_BACK 119 143
NEW 499
NEW 997
OUT_BACK 78
IN_BACK 64 13
OUT_BACK 162
NEW 802
NEW 465
NEW 601
MOVE_FRONT 126 79
NEW 937
NEW 846
IN_FRONT 406 34
IN_BACK 79 7
IN_FRONT 378 102
OUT_BACK 178
IN_BACK 402 159
MOVE_BACK 4 52
OUT_BACK 32
MOVE_BACK 5 154
MOVE_FRONT 135 81
NEW 800
OUT_BACK 57
OUT_BACK 18
MOVE_BACK 73 84
MOVE_FRONT 150 43
MOVE_BACK 179 92
NEW 532
NEW 915
OUT_BACK 27
MOVE_BACK 182 88
OUT_BACK 59
MOVE_BACK 111 188
OUT_BACK 76
IN_BACK 683 73
MOVE_BACK 159 117
MOVE_BACK 67 160
NEW 721
NEW 577
OUT_BACK 152
MOVE_BACK 144 53
MOVE_FRONT 34 78
IN_BACK 817 76
OUT_BACK 111
IN_BACK 32 28
IN_FRONT 953 123
IN_BACK 295 170
MOVE_FRONT 144 166
NEW 568
OUT_BACK 50
MOVE_BACK 113 156
NEW 485
NEW 590
MOVE_BACK 152 175
IN_BACK 742 30
OUT_BACK 41
MOVE_FRONT 166 129
NEW 195
IN_BACK 488 3
IN_BACK 180 81
MOVE_FRONT 86 77
MOVE_BACK 140 82
MOVE_BACK 24 182
OUT_BACK 47
IN_FRONT 510 60
OUT_BACK 129
MOVE_FRONT 71 56
NEW 634
MOVE_FRONT 157 170
NEW 392
NEW 86
MOVE_BACK 98 10
MOVE_BACK 96 2
MOVE_FRONT 89 45
NEW 668
NEW 962
IN_BACK 494 108
NEW 484
NEW 52
IN_FRONT 15 144
OUT_BACK 174
IN_FRONT 754 159
MOVE_BACK 75 31
IN_FRONT 480 82
IN_BACK 372 44
NEW 158
OUT_BACK 5
OUT_BACK 54
IN_BACK 693 62
OUT_BACK 175
MOVE_FRONT 78 20
MOVE_FRONT 176 1
NEW 541
IN_FRONT 9 4
OUT_BACK 156
NEW 524
NEW 179
NEW 712
IN_FRONT 874 25
IN_BACK 874 134
NEW 867
IN_FRONT 637 40
MOVE_FRONT 84 9
NEW 545
MOVE_FRONT 122 147
MOVE_FRONT 50 40
NEW 211
NEW 96
MOVE_FRONT 49 42
NEW 786
NEW 402
NEW 888
IN_FRONT 910 120
OUT_BACK 10
MOVE_BACK 128 23
NEW 879
NEW 233
MOVE_FRONT 158 36
IN_BACK 737 101
MOVE_FRONT 176 12
MOVE_BACK 6 115
IN_FRONT 4 104
IN_BACK 828 163
MOVE_FRONT 168 19
IN_BACK 440 78
MOVE_FRONT 91 158
MOVE_FRONT 48 170
NEW 360
OUT_BACK 150
IN_FRONT 940 78
NEW 908
OUT_BACK 84
IN_BACK 547 140
OUT_BACK 39
MOVE_FRONT 81 46
OUT_BACK 138
IN_FRONT 666 127
NEW 188
IN_FRONT 703 175
OUT_BACK 143
IN_FRONT 67 106
OUT_BACK 85
NEW 855
NEW 375
IN_FRONT 582 160
IN_BACK 940 52
IN_BACK 550 78
NEW 201
NEW 995
NEW 955
IN_FRONT 658 136
MOVE_FRONT 110 97
MOVE_BACK 57 124
NEW 117
OUT_BACK 56
MOVE_FRONT 184 38
MOVE_BACK 135 147
MOVE_BACK 66 76
NEW 71
OUT_BACK 149
NEW 819
NEW 524
IN_FRONT 131 151
MOVE_FRONT 145 138
IN_BACK 13 154
NEW 86
MOVE_FRONT 178 20
IN_BACK 495 63
MOVE_BACK 35 112
MOVE_FRONT 28 160
NEW 546
IN_FRONT 786 42
MOVE_BACK 70 33
OUT_BACK 27
NEW 124
IN_FRONT 43 122
MOVE_BACK 71 64
NEW 898
OUT_BACK 21
MOVE_BACK 135 142
OUT_BACK 56
IN_BACK 331 118
NEW 457
NEW 120
IN_BACK 985 87
IN_BACK 788 159
NEW 242
NEW 757
IN_FRONT 154 13
IN_BACK 96 113
IN_FRONT 460 155
NEW 407
IN_BACK 480 46
NEW 929
MOVE_FRONT 36 146
NEW 210
MOVE_BACK 41 69
NEW 290
MOVE_BACK 90 133
MOVE_FRONT 60 140
NEW 170
IN_FRONT 893 127
NEW 479
MOVE_FRONT 75 6
IN_BACK 706 138
IN_FRONT 670 77
MOVE_BACK 22 168
OUT_BACK 154
MOVE_BACK 48 57
NEW 326
OUT_BACK 72
MOVE_BACK 169 132
IN_BACK 123 46
NEW 770
MOVE_BACK 56 160
MOVE_BACK 76 65
NEW 624
IN_BACK 209 60
NEW 204
OUT_BACK 134
MOVE_BACK 97 147
IN_FRONT 353 51
IN_BACK 170 13
NEW 840
IN_BACK 915 92
IN_BACK 577 79
NEW 656
IN_FRONT 91 105
IN_BACK 909 107
IN_BACK 788 98
IN_FRONT 904 134
NEW 119
NEW 185
OUT_BACK 122
MOVE_FRONT 15 85
IN_BACK 33 118
MOVE_FRONT 141 186
NEW 560
IN_FRONT 151 90
IN_BACK 912 137
NEW 310
NEW 919
IN_BACK 252 85
MOVE_FRONT 139 2
IN_BACK 424 77
OUT_BACK 161
NEW 537
MOVE_BACK 53 133
NEW 796
IN_BACK 347 173
MOVE_FRONT 31 181
NEW 648
MOVE_FRONT 6 127
OUT_BACK 5
IN_FRONT 144 177
IN_FRONT 160 30
MOVE_BACK 145 112
NEW 749
IN_FRONT 804 4
NEW 544
MOVE_BACK 180 94
IN_FRONT 496 146
IN_FRONT 333 106
OUT_BACK 98
MOVE_FRONT 138 58
NEW 227
MOVE_BACK 71 76
IN_FRONT 113 97
NEW 207
NEW 366
IN_BACK 512 78
NEW 168
IN_BACK 27 41
IN_BACK 10 67
MOVE_BACK 146 23
IN_BACK 24 40
IN_FRONT 755 8
IN_FRONT 901 188
NEW 554
MOVE_BACK 143 101
MOVE_BACK 78 166
IN_FRONT 899 88
MOVE_BACK 163 101
MOVE_BACK 150 178
IN_FRONT 349 154
MOVE_FRONT 181 33
MOVE_BACK 89 149
MOVE_BACK 55 157
NEW 243
NEW 762
MOVE_FRONT 133 93
NEW 226
NEW 447
MOVE_BACK 34 70
OUT_BACK 34
MOVE_BACK 23 60
NEW 563
MOVE_BACK 44 74
IN_BACK 762 54
IN_BACK 368 59
MOVE_FRONT 158 42
OUT_BACK 68
MOVE_FRONT 1 150
MOVE_BACK 102 145
NEW 863
MOVE_BACK 103 61
IN_BACK 891 117
MOVE_FRONT 51 44
IN_BACK 735 75
OUT_BACK 174
IN_FRONT 198 2
OUT_BACK 162
NEW 878
IN_BACK 632 154
OUT_BACK 145
IN_FRONT 198 70
NEW 131
MOVE_BACK 64 164
IN_FRONT 242 21
NEW 476
IN_BACK 289 51
NEW 914
OUT_BACK 57
MOVE_BACK 182 33
OUT_BACK 39
IN_FRONT 134 80
NEW 127
IN_FRONT 50 47
IN_BACK 33 156
IN_BACK 8 3
OUT_BACK 166
NEW 599
IN_FRONT 864 171
IN_FRONT 342 115
IN_FRONT 242 40
NEW 842
NEW 531
NEW 313
NEW 720
IN_BACK 848 102
IN_BACK 249 82
OUT_BACK 92
IN_BACK 257 142
OUT_BACK 120
IN_FRONT 461 181
NEW 306
NEW 774
NEW 618
OUT_BACK 181
NEW 733
MOVE_FRONT 11 92
OUT_BACK 77
MOVE_FRONT 113 81
IN_FRONT 531 169
IN_BACK 58 127
IN_FRONT 167 74
MOVE_BACK 165 163
OUT_BACK 128
MOVE_FRONT 13 132
NEW 900
IN_BACK 875 87
MOVE_FRONT 114 174
MOVE_BACK 118 52
NEW 882
MOVE_FRONT 63 43
NEW 850
MOVE_FRONT 80 8
IN_FRONT 73 103
MOVE_FRONT 22 167
MOVE_FRONT 115 78
IN_FRONT 20 29
NEW 121
NEW 131
OUT_BACK 143
IN_FRONT 210 26
NEW 284
MOVE_BACK 8 149
NEW 690
IN_FRONT 488 123
IN_BACK 880 63
MOVE_BACK 170 95
MOVE_BACK 176 63
NEW 378
MOVE_FRONT 162 178
IN_BACK 487 40
MOVE_FRONT 132 175
IN_FRONT 532 159
NEW 120
OUT_BACK 93
NEW 520
MOVE_BACK 98 11
NEW 393
OUT_BACK 157
IN_FRONT 146 100
MOVE_BACK 127 66
MOVE_BACK 157 92
NEW 582
IN_BACK 732 61
IN_FRONT 623 5
MOVE_BACK 65 58
OUT_BACK 11
NEW 940
IN_FRONT 974 112
OUT_BACK 26
IN_BACK 142 17
IN_BACK 123 45
MOVE_BACK 74 2
MOVE_FRONT 165 55
MOVE_FRONT 122 170
NEW 379
MOVE_BACK 53 14
IN_FRONT 755 70
NEW 540
IN_FRONT 971 132
IN_FRONT 579 112
NEW 432
MOVE_FRONT 83 8
IN_BACK 956 68
NEW 524
IN_FRONT 701 146
IN_FRONT 224 70
MOVE_BACK 168 7
NEW 790
MOVE_FRONT 11 17
OUT_BACK 61
IN_FRONT 185 74
NEW 491
IN_BACK 10 93
IN_FRONT 669 48
MOVE_FRONT 90 151
MOVE_FRONT 114 166
OUT_BACK 82
IN_FRONT 389 91
MOVE_FRONT 29 73
IN_FRONT 703 31
OUT_BACK 75
OUT_BACK 159
OUT_BACK 144
IN_FRONT 527 36
OUT_BACK 64
OUT_BACK 85
MOVE_FRONT 116 126
NEW 684
MOVE_BACK 79 146
NEW 937
NEW 63
OUT_BACK 118
IN_BACK 219 172
OUT_BACK 55
MOVE_FRONT 37 36
IN_FRONT 76 35
MOVE_FRONT 128 90
NEW 706
OUT_BACK 20
NEW 662
IN_FRONT 49 28
IN_BACK 710 104
MOVE_FRONT 61 110
NEW 834
MOVE_BACK 153 33
IN_BACK 941 160
OUT_BACK 52
MOVE_FRONT 149 107
NEW 324
IN_BACK 758 147
IN_FRONT 358 7
MOVE_BACK 144 119
OUT_BACK 98
IN_BACK 802 167
NEW 878
NEW 379
OUT_BACK 161
OUT_BACK 93
OUT_BACK 54
OUT_BACK 170
MOVE_BACK 15 39
NEW 321
MOVE_BACK 58 96
MOVE_FRONT 102 47
OUT_BACK 166
MOVE_BACK 48 27
MOVE_BACK 130 87
IN_BACK 534 128
IN_BACK 637 63
NEW 176
IN_FRONT 982 118
NEW 546
MOVE_BACK 98 81
NEW 214
NEW 972
MOVE_BACK 59 85
IN_FRONT 393 145
NEW 261
MOVE_BACK 118 116
MOVE_BACK 161 52
MOVE_FRONT 121 131
OUT_BACK 130
MOVE_FRONT 116 65
IN_FRONT 812 122
OUT_BACK 67
MOVE_BACK 60 8
MOVE_BACK 122 97
IN_FRONT 922 55
IN_BACK 803 84
MOVE_BACK 122 28
OUT_BACK 108
NEW 553
NEW 741
MOVE_FRONT 45 109
NEW 241
IN_FRONT 59 111
MOVE_BACK 126 123
IN_BACK 101 53
MOVE_FRONT 3 6
IN_BACK 264 79
NEW 970
IN_FRONT 491 37
NEW 234
NEW 937
NEW 962
IN_BACK 448 155
OUT_BACK 53
MOVE_BACK 106 107
IN_FRONT 499 34
IN_FRONT 259 28
IN_BACK 502 56
OUT_BACK 47
OUT_BACK 103
MOVE_BACK 43 103
NEW 480
MOVE_FRONT 43 60
MOVE_FRONT 126 11
IN_FRONT 721 128
OUT_BACK 154
IN_BACK 627 155
MOVE_BACK 144 83
NEW 205
MOVE_BACK 151 42
MOVE_FRONT 128 64
NEW 901
IN_BACK 549 81
IN_BACK 126 106
IN_FRONT 440 15
MOVE_FRONT 119 120
MOVE_FRONT 38 108
NEW 708
NEW 711
NEW 920
OUT_BACK 32
IN_BACK 987 136
MOVE_FRONT 157 126
IN_FRONT 909 54
NEW 620
NEW 898
OUT_BACK 148
IN_BACK 472 158
NEW 179
OUT_BACK 62
OUT_BACK 121
NEW 991
OUT_BACK 124
IN_FRONT 824 106
MOVE_FRONT 99 85
MOVE_FRONT 45 7
MOVE_FRONT 49 99
MOVE_BACK 147 116
MOVE_FRONT 2 119
MOVE_FRONT 14 106
IN_FRONT 37 88
NEW 757
NEW 634
OUT_BACK 13
OUT_BACK 159
NEW 987
MOVE_BACK 97 47
MOVE_FRONT 120 98
MOVE_BACK 61 90
IN_BACK 776 23
IN_FRONT 864 84
NEW 920
IN_BACK 461 100
IN_FRONT 123 2
NEW 610
MOVE_FRONT 112 107
NEW 172
NEW 470
IN_BACK 477 62
IN_BACK 913 87
IN_BACK 778 120
MOVE_FRONT 39 121
NEW 234
MOVE_FRONT 5 138
NEW 738
NEW 620
NEW 15
MOVE_FRONT 81 66
MOVE_BACK 93 110
IN_FRONT 900 3
MOVE_BACK 84 45
MOVE_BACK 37 52
MOVE_BACK 143 34
NEW 62
OUT_BACK 158
OUT_BACK 33
MOVE_BACK 68 70
OUT_BACK 69
IN_BACK 796 33
OUT_BACK 98
MOVE_BACK 127 84
IN_BACK 25 126
MOVE_BACK 32 154
NEW 66
MOVE_BACK 23 152
IN_BACK 971 90
IN_FRONT 337 127
NEW 138
OUT_BACK 46
IN_FRONT 903 94
IN_FRONT 457 3
NEW 738
IN_FRONT 24 119
NEW 316
IN_BACK 688 12
OUT_BACK 13
MOVE_FRONT 44 56
NEW 365
