3
7 27 49 59 98 40 100 17 81 67 100 57 68 8 36 30 39 37 72
11 79 79 12 59 85 100 43 4 63 8 88 91 6 26 42 35 21 39 6 52 39 89
30 4 25 52 57 4 66 24 54 57 18 40 45 33 40 19 92 28 73 1 7 13 68 29
45 51 46 40 72 27 40
46 79 18 31 47 69 53 76 60 41 7 41 41 59 18 59 4 24 34 73 31 11 6 1 40 71 51 83 26 81 79 28 87 85 45 14 82 79 59 20 47 45 27
41 37 83 8 71 86 30 22 18 41 36 8 48 98 46 55
52 94 78 65 13 64 2 36 50 11 84 15 59 43 23 98 31 72 21 1 75 26 17 40 53 53 5 9 55 57 46 2 28 58 78 60 49 5 25 66 35 50 67 14 15 76 76 56 29 77 28 98 64 27 39 67 64 91 51 93 7 64 79 1 9 83 14
9
15
15 88 85 69 19 24 42 45 100 86 78 23 59 75 12 100 77 59 57 83
19 88 94 19 30 25 86 80 73 8 37 35 5 96 33 28 81 56 53 47 77 80 80 24 5
23 75 98 86 16 14 8 14 87 18 60 64 88 10 27 100 23 80 74 86 60 42 5 82 38 53 63 92 92 99 48 15 91 35 81 100 21 79 4 85 44 67 61 12 67 38 72 14 30 58 44 41
24
24
25
32 11 29 53 25 85 89 28 1 93 36 47 6 17 94 12 62 90 52 24 90 80 41 98
34 100
51
51 31 59 87 57 62 96 58 22 57 12 97 68 72 38 18 45 22 55 55 81 97 48 20 31 87 78 18 29 99 32 67 7 52 69 17 3 76 5 10 87 14 74 62 30 60 64 52 52 88 36 71 4 54 60 10 33 31
53 86 92 15 90 2 30 40 76 30 70 14 75 16 56 41 54 31 63 15 78 21 64 13 63 8 69 72 14 81 74 74 62 52 22 18 5 4 77 23 56 82 71 74 41 57 98 100 58 92 22 70 1 38 58 47 87 68
54
58 87 46 48 48 52 88
60
65
74 37 100 77 2 43 31 64 55 56 85 1 65 71 42 99 71 33 80 20 90 34 97 39 83 82 61 53 25 89 10 3 92
76 4
91
91 26 61 20 95 91 17 76 87 71 2 63 53
95 42 7 50 57 67 51 45 92 36 63 55 25 47 15 28 34 70 54 8 38 90 8 28 32 70 96 53 52 68 92 35 59 95 90 74 83 58 75 60 94 89 21 31 50 4
97
98 55 32 78 99 92 67 13 90 44 75 20 30 43 29 92 18 89 10 51 40 70 10 74 57 49 55 62 19 3 88 10
