3
3 877
23
29
42
42 190 455 207 428 883 778 268 500 653 246 696 315 878 428 956 810 268 863 840 453 828 340 634 978 66 351 681 683 96 231 667 805 190 201 277 295 160 354 465 949 285 341 449 93 365 623 478 237 992 286 629 623
48
67 897 420 82 45 66 87 310 960 823 636 988 820 994 201 247 871 138 757 756 820
72 541 17 866 435 517 665 361 475 945 571 499 203 777 740 56 947 588 307 303 158 90 515 340 415 466 649 52 188 421 896 256 152 980 555 167 117 223 731 931 751 211 824 182 892 458 499 798 599 418 237 910 226 31 484 203 730 227 791 996 481 292 96 628 429 417 363 761 363 910 51 620 574
73
84 435
90 966 522 619 542 111 7 83 475 156 294 211 50 458 404 238 449 257 194 729 287 825 832 330 864 988 980 582 294 295 534 997 917 152 652 188 848 298 310 251 612 906 29 328 122 208 502 256 660 489 700 735 465 843 902 105 860 571 484 845 170 667 875 320 536 488 544 426 871 992 808 563 46 134 442 766 946 61 129 82 395 288 785 533 542 415 760 627 435 188 83 299 498 979 548 416 935 241 885 872 876 993 714 842 762 849 762 753 136 868 916 744 142 84 71 937 177 258 963 343 343 178 919 551 989 656 534 983 190 717 195 135 8 786 277 326 898 580 481 688 274 541 861 843 794 833 490 404 757 478 804 859 189 924 606 696 804 264 636 179 435 479 997 501 748 394 862 454 468 975 767 303 444 734 714 349 769 782
91 431 691 11 698 572 521 73 956 396 818 990 924 293 429 708 322 301 310 834 743 894 117 777 499 992 897 163 959 369 320 319 588 647 237 41 910 878 95 39 592 212 186 886 323 590 749 659 348 594 406 729 978 380 409 633 134 49 15 864 390 81 762 771 146 325 545 414 750 206 984 590 257 248 264 453 77 397 500 850 977 554 907 521 618 763 208 591
91 861
102
108 328 236 609 411 569 620 309 976 137 118 408 97 106 629 328 112 883 257 861 876 430 802 350 761 29 45 241 455 75 523 63 544
120
120
121
125 136
130 448 467 209 991 532 501 41 419 639 479
131 240 911 299 273 911 898 49 889 854 316 89 929 691 281 347 207 84 139 903 470 5 113 149 905 235 583 110 468 223 913 138 66 602 506 359 988 728 514
133
138 521 581 673 743 192 766 870 603 76 829 581 564 341 128 241 542 596 714 353 458 77 897 728 969 983 231 71 465 997 15 559 81 928 535 513 366 876 196 58 668 77 72 156 786 36 915 936 303 210 47 350 35 1000 372 746 11 131 709 49 792 285 493 91 13 206 631 59 644 499 721 974
139 199 397 57 744 216 909
140 32 598 976 249 10 75 956 796 758 117 519 546 271 964 694 736 996 958 184 770 474
141 782 883 827 80 682 743 502 494 778 242 129 365 352 760 945 847 560 875 102 675 205 533 898 941 256 409 524 94 16 871 754 513 459 10 893 780 609 992 480 260 71 734 125 166 201 12 546 522 700 986 298 200 767 570 487 927 956 299 198 104 645 911 301 62 840 432 957 729 921 182 651 467 472 916 806 888 632 598 292 261 464 363 671 809 931 764 694 303 65 893 207 666 430 567 840 684 18 833 307 467 194 304 113 260 215 490 964 138 259 148 436 252 702 270 156 51 143 496 641 622
144 829
147
147 263 672 194 802 320 112 161 893 338 661 555 101 505 782 175 147 962 231 975 985 928 233 729 281 114 440 990 247 844 130 356 403 157 596 156 666 562 836 319 549 385 57 285 932 571 949 821 77 676 737 746 659 682 265 297 166 365 891 289 780 774 521 685 905 114 202 110 702 95 420 379 298 239 387 612 535 560 15 73 64 582 843 640 489 559 852 62 203 887 76 162 994 314 971 708 884 271 50 712 955 531 244 654 62 734 593 758 616 857 401 832 693 382 400 954 824 534 564 998 214 489 962 384 815 669 981 917 169 861 441 296 683 569 877 521 377 794 145 621 667 836 751 846 12 142 894 422 185 103 856 100 841 759 358 148 31 244 640 530 772 150 499 671 388 181 714 839 495 208 65 863 104 407 982 143 498 678 98 204 65 492 58 593 121 565 231 389 914 250 80 690 944 333 199 98 670 69 513 995 706 157 599 422 582 838 699 389 428 882 264 801 819 595 892 721 797 714 181 596 386 148 764 941 493 563 801 235 191 397 875 959 117 100 977 46 138 714 898 804 640 877 479 430 815 70 532 649 961 878 261 199 299 822 973 797 107 93 721 688 305 956 204 31 954 122 18 661 664 144 48 886 749 936 275 987 577 853 559 516 567 293 110 64 616 149 747 164 767 980 543 441 831 48 545 112 256 191 219 980 60 694 21 286 165 326 110 549 961 768 252 893 367 325 407 326 136 55 997 904 341 329 358 668 904 15 405 798 406 497 682 551 888
160
169
171
174 692 813 930 495 92 523 948 785 747 46 481 173 353 302 524 430 323 210 992 160 417 69 383 916 733 56 564 133 6 798 860 998 323 162 539 490 647 206 586 590 842 249 326 56 873 582 610 391 307 164 748 871 146 683 462 427 201 364 464 167 906 180 657 519 253 632 48 111 508 345 785 690 979 493 231 306 794 621 66 2 250 796 558 783 98 161 194 310 835 373 566 475 510 532 735 322 567 100 934 949 616 107 623 700 763 821 369 434 984 786 780
175 878 35 52 56 219 784 526 997 900 269 383 104 397
183
189 20 766 649 766 772 835 613 483 255 557 680 744 796 22 281 828 678 814 997 156 798 902 864 542 149 295 758 756 862 130 763 145 955 206 958 691 158 710 604 514 162 730 369 254 24
201 526 232 991 262 180 658 943 227 765 43 662 180 512 856 411
213
230 10
232 919 621
237 567
241
241 512
265 57 369 663 224 496 876 569 799 222 495 366 813 935 705 488 48 380 597 878 419 980 37 537 210 15 246 348 821 620 43 744 662 947 901 626 963 185 401 804 289 521 85 640 231 902 659 181 852 587 328 888 403 775 388 975 30 358 943 575 861 516 970 758 147 20 807 517 950 351 47 493 161 225 342 843 519 469 348 79
267 480 229
285
286
286
288
288 707 416 66 390 424 63 383 160 621 107 225 797 47 23 189 869 257 316 518 207 535 624 280 261 223 991 379 479 563 345 580 8 315 264 207 976 440 795 697 431 811 212 266 155 604 723 864
290 294
293
309
310 82 933 512 77 660 956 914 906 403 511 355 404 322 52 270 56 921 233 893 17 284 115 525 580 578 504 471 320 921 241 334 264 711 696 12 942 60 338 727 325 283 24 33 875 622 582
318
318
318 548 334 86 178 738 390 813 249 165 569 357 493 977 592 940 992 801 614 297 87 323 605 547 616 294 484 299 246 118 538 821 488 754 699 838 615 664 188 31 25 243 795 95 367 851 296 703 567 738 296 10 11 145 129 8 211 770 487 453 266 578 34 376 857 984 298 903 545 683 246 158 578 281 492 247 20 154 275 330 584 885 214 835 796 907 323 767 480 493
321 840 432 477 836 665 470 292 9 101 288 683 843 638 824 304 959 634 681 639 40 877 752 158 217 825 52 858 804 740 645 170 153 652 802 731 989 396 365 807 9 406 447 559
325 726 284 825 24 814 702 578 790 348 485 570 305 164 908 87 433 954 445 132 829 10 457 150 203 337 488 70 713 9 967 312 845 743 849 131 295 199 877 574 346 311 223 387 122 19
328 453 276 865 681 832 565 147 393 204 650 640 893 206 503 514 782 955 218 57 712 772 168 977 850 537 457 533 776 41 72 176 677 698 678 705 624 500 707 785 561 924 584 4 199 89 186 923 629 791 282 21 844 828 513 350 663 912 595 384 731 240 969 480 876 895 536 143 787 186 680 171 996 342 815 106 139 985 563 893 730 300 535 634 894 73 626 514 742 530 804 877 411 647 324 908 36 658 275 973 472 961 146 559 73 723 709 492 133 66 363 835 925 142 750 874 245 127 711 915 370 515 453 7 375 331 112 494 678 586 953 641 172
331
333 269 311 59 51 59 647 419 946 866 55 414 962 91 731 703 238 947 79 542 794 656 746 52 200 691 107 543 345 243 775 389 901 867 292 462 103 777 894 330 983 55 867 225 588
337
337 701 751 910 394 981 289 605 675 395 171 262 591 297 16 830 855 71 122 601 650 506 83 199 627 294 160 460 454 977
351 26 470 875 422 532 107 376 425 139 466 256 986 767 5 678 882 856 510 761 610 447 119 938 162 460 685 428 403 428 664 484 894 192 266 548
368 946 519 592 671 639 80 938 188 221 217 675 707 683
371 859 800 191 188 918 108 178 701 427 76 194 206 611 736 564 611 834 668 30 460 820 928 189 601 931 565 890 819 784 775 4 852 823 208 100 213 495 158 528 227 654 255 167 820 654 636 560 179 463 624 729 988 92 858 386 954 495 751 983 652 796 692 169 175 840 377 832 349 229 880 886 539 261 861 986 651 468 494 858 287 65 557 964 1000 112 199 609 629 215 298 655 876 465 451 776 630 604 572 757 114 140 319 149 251 83 817 941 881 515 911 324 659 127 147 412 334 360 770 714 989 543 916 938 365 452 747 766 980 548 41 237 631 337 922 496 2 973 693 778 723 708 814 268 336 396 371 246 959 961 161 370 24 33 282 987
373 709 193 828 61 239 676 989 938 228 810 518 22 439 888 849 478 860 443 260 366 292 350 447 778 988 767 298 807 497 739 439 23 249 418 162 11 952 271 592 256 435 921 932 832 224 852 468 465 425 560 364 627 939 567 257 968 280 193 373 901 10 673 937 469 389 958 53 275 583 819 832 788 611 867 473 22 205 419 523 769 456 528
375 818 454 687 941 71 381 60 528 197 472 802 775 308 677 736 419 65 325 855 678 573 9 850 726 494 23 180 925 816 755 901 228 320 369 216 264 525 478 196 373 7 845 302 763 796 394 218 434 998 453 78 936 305 323 697 786 726 87 243 218 627 210 134 668 517 55 330 265 540 987 8 379 361 36 198
381
407 230 750 345 774 1 102 661 803 236 543 846 64 94
412 870 992 992 385 601 160 179 419 495 850 345 816 758 401 911 141 123 277 317 779 692 717 658 583 196 886 722 885 434 762 926 593 53 440 572 372 471
413 685 649 368 205 842 783 569 380 678 844 110 66 456 64 294 497 639 321 704 160 53 693 550 995 462 840
439
439 81 741 756 790 934 122 876 315 16 213 520 203 154 770 97 172 811 709 513 112 170 896 917 600 862 519 694 740 841 884 634 953 280 58 828 592 802 786 913 693 660 466 667 922 200 43 344 771 364 45 157 654 559 361 972 625 110 275 934 311 317 930 369 824 745
443 897 780 793
444 589
454
464 800 123 155 655 666 688 353 316 331 43 841 830 199 430 424 15 12 358 363 402 473 679 683 251 448 827 315 651 284 23 103 545 275 103 243 589 976 122 21 925 296 456 832 874 158 959 525 637 365 949 264 691 773 255 54 369 636 506 847 129 190 945 152 934 202 902 632 655 499 195 252 219 702 737 565 159 671 278 399 36 514 448 361 168 26 195 377 537 342 128 652 284 468 829 336 61 480 120 832 193 688 746 354 702 737 162 794 898 120 376 550 51 705 639 507 371 862 334 357 607 533 326 876 223 419 715 865 638 4 605 933 594 736 672 939 868 620 886 988 392 667 212 200 188 777 891 896 302 44 578 962 981 191 24 586 57 436 415 850 7 149 444 934 578 918 78 374
477
477 998 368 482
486 85 918 543 929 971 621 32 683 331 993 282 926 822 367 666 535 480 828 319 975 447 423 349 550 2 475 782 476 660 144 424 700 168 918 386 549
492
499 984 863 637 455 651 399 419 6 316 444 284 585 702 196 2 463 557 317 228 881 76 271 262 749 688 128 424 540 866 320 831 485 204 705 917 108 435 915 916
500
502
506 152
507 575 305 812 470 907 366 172 302 583 783 930 782 903 457 31 714 905 805 246 246 939 445 854 972 898 874 387 763 734 558 745 563 98 715 980 672 880 110 395 25 193 908 530 836 450 318 329 335 257 646 179 277 816 109 156 131 724 630 221 629 133 716 44 317 869 433 382 796 104 866 465 584
525 431 438 282 126 218 195 479 834 665 128 762 139 466 724 851 316 194 222 140 938 268 44 623 990 658 623 6 891 673
531 868 588 857
534 234 106 929 303 64 401 804 639 543 385 809 308 926 623 559 132 700 617 188 983 100 910 300 926 471 99 153 364 118 456 480 117 798 313 515
541 233
541 404 866 251 339 690 250 766 797 628 121 93 945 838 287 460 907 755 595 83 466 365 54 782 305 229 891 427 927 529 908 631 821 340 808 233 51 889 1000 990 804 814 830 799 181 96 2 973 675 437 690 988 176 969 357 745
552 735 393 57 509 266 314 436 70 964 861 631 15 454 34 967 197 401 15 882 371 698 412 943 462 216 231 540 819 365 891 296 424 886 731 826 285 355 833 323 171 328 382 438 339 286 107 322 629 688 792 930 893 557 332 672 356 259 378 883 289 765 976 142 550 272 699 734 375 510 591 112 13 103 539 467 132 597 36 462 120 429 956 493 518 361 47 643 86 202 438 409 543 450 289 472 288 886 82 724 993 115 445 798 839 318 199 482 598 287 39 482 381 402 542 845 726 466 855 360 337 713 519 230 127 91 998 592 549 936 899 866 657 640 466 466 200 798 477 300 177 63 925 185 578 436 903 29 202 943 225 678 363 417 238 795 62 824 513 322 234 34 490 600 647 830 921 286 553 874 762 313 748 554 922 987 509 386 698 696 408 648 406 606 485 948 260 822 205 789 874 664 926 983 402 61 287 20 543 604 36 531 155 724 239 560 60 298 939 819 492 433 377 52 98 747 262 497 734 810 78 214 9 375 953 1000 170 750 707 246 365 108 578 788 695 478
559 886 117 475 877 884 773 775 701 190 382 892 302 364 484 719 79 232 739 150 946 543 721 978 843 818 994 428 376 174 967 940 939 824 918 842 658 273 205 111 355
562 740 937 342 370 992 225 394 123 301 789 995 501 300 737 769 905 314 922 950 434 519 635 645 295 505 991 897 380 789 949 20 304 212 962 309 458 590 96 36 660 346
563
566
582
587 533 343 547 503 113 729 634
594 141 834
595
595 451
597 780
603 957 185 222 17 808 502 334 544 270 610 971 301 636 142 993 479 960 905 383 531 549 740 636 483 220 977 731 534 838 503 464 65 876 46 510 319 129 4 677 875 566 745 352 943 138 133 709 76 86 717 191 260 365 882 913 411 354 445 594 420 447 23 409 925 164 125 121 87 897 826 335 823 907 972 784 949 593 681 212 83 541 486 23 797 504 93 90 914 431 374 78 396 667 655 443 352 305 997 334 372 833 982 105 410 124 405 524 864 727 497 113 160 237 174 764 621 144 998 75 107 810 493 937 922 575 844 425 579 566 982 307 159 546 198 345 885 50 937 666 146 274 151 767 841 970 178 675 517 286 940 562 72 899 215 710 7 104 721 518 950 858 340 165 544 10 688 200 417 692 615 380 675 503 322 402 364 924 114 417 937 581 32 430 308 315 842 844 664 775 78 470 831 552 71 718 686 754 647 484 116 124 265 717 295 659 263 819 103 615 680 492 53 494 915 64 119 416
607
608
609
609 986 841 644 247 959 129 75 598
611
621 647 491 454 630 347 468 429 985 506 591 465 907 522 201 663 705 40 542 651 297
633
638
665
679 988 861 689
687
693 396 873
700 710 401 939 887 584 787 282 129 812 59 755 477 432 281 548 82 792 203 309 392 378 659 453 417 668 357 886 284 402 810 889 290 721 830 707 666 918 831 367 343 293 599 444 420 253 313 1 61 980 280 275 418 759 954 787
702 13 607 564 203 418 27 378 735 282 45 996 709 609 322 771 329 259 150 867 324
709 261
711 14 116 823
715 488 533 905 871 431 516 586 615 90 13 587 371 700 673 3 144 590 330 659 551 961 835 107 930 127 67 757 180 622 641 162 233 884 970 442 346 815 26 19 778 611 135 429 98 356 425 825 460 390
721 744 122 997 443 891 534 594 948 377 276 72 242 301 464 281 216 913 544 561 127 148 423 569 330 793 960 192 728 59 597 756 278 860 107 934 816 757 251 332 892 104 104 154 444 399
722 942
726 95 509 369 582
726 492 936 309 753 904 922 798 715 20 253 929 966 385 890 379 909 386 240 985 347 944 109 34 938 106 547 609 300 616 765 276 224 28 864 876 206 350 759 457 686 979 502 216 810 393 64 916 403 26
732 663 506 810 772 790 89 338 584 313 203 306 936 541 147 304 250 428 466 618 547 282 88 61 409 235 674 15 245 172 351 76 870 554 332 177 16 74 528 387 36 630 521 283 241 937 581 632 368 932 912 469 771 35 155 283 317 652 796 453 325 716 393 648 752 37 263 619 760 208 381 623 568 887 800 84 457 701 536 505 66 557 633 839 532 84 413 755 675 7 928 375 655 933 787 997 490 57 521 103 812 52 550 433 544 773 633 628 251 42 543 640 51 9 429 362 647 569 864 833 134 794 333 536 801 10 506 384 730 36 951 734 744 315 116 501 632 5 401 844 937 815
741 613 681 139 608 106 928 276 515 594 844 825 351 158 833 176 514 134 735 723 359 8 504 756 401 203 276 729 401 932 314 473 486 875 79 282 644 259 771 18 253 447 225 295 657 926 316 817 630 193 733 515 118 23 702 40 340 981 587
744 150 608 434 548 756 350 584 317 435 836 329 118 864 319 279 238 223 421 970 882 402 91 574 148 976 720 740 835 572 955 310 924 783 667 855 666 723 751 455 546 263 273 699 783 703 892 856 329 156 545 334 880 853 596 858 780 68 434 293 273 435 326 297 106 812 527 747 128 984 150 284 808 679 65 841 863 550 384 715 778 767 793 243 998 858 799 64 719 880 233 42 784 210 3 235 128 678 824 360 634 154 364 454 439 453 225 84 278 600 380 139 394 696 266 967 622 440 370 901 748 28 583 573 65 546 338 370 506 868 905 564 162 722 950 167 142 203 705 420 847 134 750 345 13 951 209 549 240 721 758 804 530 788 437 187 145 476 738 520 164 535 202
748 202
754 149 361 694 475 326 154 804 521 142 576 350 493 588 155 397 168 28 228 702 320 3 979 155 639 110 457 273 196 237 559 195 352 92 415 878 150 893 271 896 526 856 972 950 629 26 319 645 379
776
786 780 326 268 737 127 622 490 930 623 859 867 318 228 954 824 796 116 924
792 601 359 397 92 206 297 336 933 623 409 674 353 91 135 552 824 644 369 687 761 824 704 563 773 306 721 973 715 653 739 959 523 908 387 23 446 96 243 431 834 750 161 845 452 316 307 764 254 193 358 474 591 837 283 285 812 864 407 807 959 345 93 326 49 5 524 670 454 344 700 130 366 850 461 730 910 715 578 857 259 836 85 9 278 484 676 141 899 459 57 379 188 319 951 805 378 48 248 139 385 397
808 567 242 146 495 231 196 958 736 224 328 936 420 589 343 516 357 115 608 404 256 781 710 906 415 112 438 126 963 661 675 564 167 247 632 854 779 980 923 994 817 414 110 622 25 404 69 985 56 618 794 219 336 821 813 59 702 34 496 884 252 611 48 885 247 703 183 668 724 154 186 47 1 420 742 766 834 354 713 480 12 697 798 350 413 175 542 314 368 24 772 851 781 81 764 684 204 458 611 819
826
830 498 53 737 310 936 698 657 243 641 429 276 741 571 648 999 647 847 815 467 599 22 462 741 569 977 300 350 453 260 846 886 823 713 301 576 849 807 732 662 665 422 590 513 321 128 512 718 66 179 736 208 49 171 178 778 478 741
831 916
840 430 859
848 644 669 183 666 514 493 43 280 17 880 31 61 282 920 585 266 671 983 844 938 125 520 484 506 531 475 925 109
851 723
851 927 117 305 394 312 878 58 728 161 95 646 383 420 557 12 155 185 679 511 296 513 199 554 376 74 700 112 38 101 192 190 84 574 656 32 612 826 628 858 252 809 225 653 478 89 492 743 44 164 889 834 569 157 580 105 154 933 156 952 487 688 638 107 684 863 942 261 720 509 84 35 711 216 24 291 287 316 942 165 27 59 984 699 934 223 787 669 169 398 154 373 576 896 989 497 9 428 23 790 821 908 482 281 370 914 996 570 951 237 760 431 103 376 745 195 575 361 388 77 222 742 529 728 717 495
853 379 548 675 655 382 502 410 153 995 247 611 485 849 767 219 205 244 766 489 64 333 274 505 127 637 954 772 39 394 775 104 61 428 343 75 333 258 668 20 78 345 308 113 118 121 972 530 362 964 887 944 701 287 661 183 990 991 270 965 486 370 157 703 220 942 467 99 450 883 73 440 890 986 384 941 862 303 529 486 829
853 866 412 432 984 127 435 849 128 775 654 409 614 255 274 433 706 360 222 474 758 699 28 627 974 190 260 301 56 997 753 810 89 581 908 390 903 18 644 749 574 513 918 380 938 696 708 68 182 938 717 721 872 585 777 47 878 782 630 618 393 980 859 754 612 282 318 796 271 2 337 30 425 166 508 79 206 787 245 112 355 516 482 826 534 686 775 594 627 51 315 376 706 198 893 864 916 706 380 98 979 182 72 367 915 659 160 900 164 610 555 622 650 524 536 545 472 967 856 747 312 570 767 57 247 367 924 589 588 9 359 173 858 596 627 901 720 51 769 117 352 844 423 932 410 546 987 716 464 859 143 256 422 352 272 270 86 955 252 732 596 469 320 45 193 651 157 340 290 317 1000 977 132 611 692 483 929 987 724 968 882 674 955 404 98 356 439 16 24 534 410 414 24 171 117 833 567 307 384 833 904 562 618 932 336 532 482 200 115 510 408 604 497 517 197
856 440 671 973 975 479 451 384 378 213 108 556 404 547 335 732 969 121 289 676 826 666 295 707 496 114 252 395 39 813 5 329 524 912 356 501 224 763 77 787 786 933 398 303 732 613 347 78 150 494 652 586 595 201 341 814 588 252 475 167 961 620 152 502 931 870 916 779 849 36 800 555 820 411 15 89 577 56 12 43 627 547 706 935 211 125 736 54 909 110 195 195 132 367 138 47 546 492 841 551 4 976 562 381 22 770 320 22 7 505 529 295 640 460 922 247 171 89 511 105 922 653 839 555 641 633 825 540 363 252 105 723 873 869 99 160 402 42
867 688 310 376 411 974 502 341 58 768 719 715 166 755 948 382 8 166 501 146 515 14 833 923 607 303 56 632 610 14 63 277 529 72 325 396 932 989 170 488 167 231 765 652 969 257 759 734 870 591 393
877 853 641 685 371 25 362 22 468 568 972 573 181 749 995 564 105 124 125 992 990 712 268 321 821 375 436 906 733 278 398 859 481 927 3 669 628 560 939
891 808 360
898 566 899
903
912
918 412 674 260 420 102 874 87 777 192 452 996 742 565 217 450 858 528 265 92 736 889 251 918 585 548 832 545 396 641 808 393 117 223 616 768 690 728 768 206 127 904 11 915 705 954 576 707 599 281 662 145 596 52 849 280 653 958 851 674 553 185 270 666 998 806 862 299 675 33 448 514 216 170 405 810 462 677 457 346 925 921 298 138 289 677 744 627 67 201 768 535 59 860 350 974 352 613 519 913 73 474 712 874 153 278 995 631 655 404 871 641 520 385 850 225 491 848 241 649 775 422 227 857 875 240 729 676 106 250 96 434 522 396 168 490 425 629 957 472 848 393 765 642 179 170 892 72 99 970 372 581 621 883 285 588 420 270 5 745 236 12 295 624 386 848 664 652 338 961 737 544 634 610 261 346 123 840 354 346 765 100 96 991 448 400 364 191 126 799 71 284 988 979 639 373 580 606 923
925 571 204
932
941
944 487
947
957
963 210 645 562 916
966 538 246 472 932 545 428 88 382 887 111 38 183 276 713 120 65 881 217 6 264 482 658 641 401 165 133 899 994 181 12 644 994 177 888 920 229 866 474 937 274 66 587 508 821 167 222 744 731 371 463 910 944 620 915 970 62 612 956 361 50 511 662 133 217 657 267 255 542 246 498 965 603 736 594 573 53 922 399 312 994 137 439 258 146 355 962 830 680 863 652 398 155 204 729 616 317 758 828 447 953 381 378 165 874 115 1 877 442 598 314 521 100 654 989 210 623 595 692 440 412 967 87 848 896 865 526 547 486 469 919 945 204 216 316 252 248 386 24 618 576 108 678 986 899 894 241 385 607 102 640 743 38 148 783 274 984 288 985 198 58 998 280 555 472 933 690 628 519 712 331 469 669 394 819 473 7 912 959 220 729 523 529 404 314 84 517 85 34 791 197
968
983 379 515 479 609 209 532 425 959 899 719 247 696 808 829 832 601 102 464 225 240 810 760 622 136 451 522 866 955 219 351 224 784 316 311 655 800 635 685 391 537 80 646 970 762 653 264 197 861 472 646 425
989
998
